0.015625 0.015625 0 0 0
0.015625 0.046875 0 0 0
0.046875 0.015625 0 0 0
0.046875 0.046875 0 0 0
0.015625 0.078125 0 0 0
0.015625 0.109375 0 0 0
0.046875 0.078125 0 0 0
0.046875 0.109375 0 0 0
0.078125 0.015625 0 0 0
0.078125 0.046875 0 0 0
0.109375 0.015625 0 0 0
0.109375 0.046875 0 0 0
0.078125 0.078125 0 0 0
0.078125 0.109375 0 0 0
0.109375 0.078125 0 0 0
0.109375 0.109375 0 0 0
0.015625 0.140625 0 0 0
0.015625 0.171875 0 0 0
0.046875 0.140625 0 0 0
0.046875 0.171875 0 0 0
0.015625 0.203125 0 0 0
0.015625 0.234375 0 0 0
0.046875 0.203125 0 0 0
0.046875 0.234375 0 0 0
0.078125 0.140625 0 0 0
0.078125 0.171875 0 0 0
0.109375 0.140625 0 0 0
0.109375 0.171875 0 0 0
0.078125 0.203125 0 0 0
0.078125 0.234375 0 0 0
0.109375 0.203125 0 0 0
0.109375 0.234375 0 0 0
0.140625 0.015625 0 0 0
0.140625 0.046875 0 0 0
0.171875 0.015625 0 0 0
0.171875 0.046875 0 0 0
0.140625 0.078125 0 0 0
0.140625 0.109375 0 0 0
0.171875 0.078125 0 0 0
0.171875 0.109375 0 0 0
0.203125 0.015625 0 0 0
0.203125 0.046875 0 0 0
0.234375 0.015625 0 0 0
0.234375 0.046875 0 0 0
0.203125 0.078125 0 0 0
0.203125 0.109375 0 0 0
0.234375 0.078125 0 0 0
0.234375 0.109375 0 0 0
0.140625 0.140625 0 0 0
0.140625 0.171875 0 0 0
0.171875 0.140625 0 0 0
0.171875 0.171875 0 0 0
0.140625 0.203125 0 0 0
0.140625 0.234375 0 0 0
0.171875 0.203125 0 0 0
0.171875 0.234375 0 0 0
0.203125 0.140625 0 0 0
0.203125 0.171875 0 0 0
0.234375 0.140625 0 0 0
0.234375 0.171875 0 0 0
0.203125 0.203125 0 0 0
0.203125 0.234375 0 0 0
0.234375 0.203125 0 0 0
0.234375 0.234375 0 0 0
0.015625 0.265625 0.03125 -1.43913e-10 -5.14962e-07
0.015625 0.296875 0.09375 7.9939e-11 -5.07287e-07
0.046875 0.265625 0.03125 -1.51993e-10 -5.14919e-07
0.046875 0.296875 0.09375 5.04321e-11 -5.06954e-07
0.015625 0.328125 0.15625 9.62045e-11 -4.98678e-07
0.015625 0.359375 0.21875 1.23987e-11 -4.89384e-07
0.046875 0.328125 0.15625 6.70271e-11 -4.98085e-07
0.046875 0.359375 0.21875 -1.32286e-11 -4.88597e-07
0.078125 0.265625 0.03125 -1.58526e-10 -5.1458e-07
0.078125 0.296875 0.09375 2.92287e-11 -5.06467e-07
0.109375 0.265625 0.03125 -1.63348e-10 -5.14064e-07
0.109375 0.296875 0.09375 1.52509e-11 -5.05901e-07
0.078125 0.328125 0.15625 4.11758e-11 -4.97457e-07
0.078125 0.359375 0.21875 -4.19789e-11 -4.87832e-07
0.109375 0.328125 0.15625 2.08874e-11 -4.96829e-07
0.109375 0.359375 0.21875 -6.86478e-11 -4.87116e-07
0.015625 0.390625 0.28125 -8.87049e-11 -4.7914e-07
0.015625 0.421875 0.34375 -1.58618e-10 -4.66478e-07
0.046875 0.390625 0.28125 -1.14076e-10 -4.78267e-07
0.046875 0.421875 0.34375 -1.90215e-10 -4.65643e-07
0.015625 0.453125 0.40625 -1.65512e-10 -4.48677e-07
0.015625 0.484375 0.46875 -8.06296e-11 -4.22089e-07
0.046875 0.453125 0.40625 -2.07864e-10 -4.47966e-07
0.046875 0.484375 0.46875 -1.45379e-10 -4.21457e-07
0.078125 0.390625 0.28125 -1.48097e-10 -4.77383e-07
0.078125 0.421875 0.34375 -2.35348e-10 -4.64659e-07
0.109375 0.390625 0.28125 -1.83012e-10 -4.76538e-07
0.109375 0.421875 0.34375 -2.8258e-10 -4.63635e-07
0.078125 0.453125 0.40625 -2.71323e-10 -4.46876e-07
0.078125 0.484375 0.46875 -2.41081e-10 -4.20221e-07
0.109375 0.453125 0.40625 -3.37616e-10 -4.45625e-07
0.109375 0.484375 0.46875 -3.38846e-10 -4.1873e-07
0.140625 0.265625 0.03125 -1.66716e-10 -5.13526e-07
0.140625 0.296875 0.09375 6.73027e-12 -5.0536e-07
0.171875 0.265625 0.03125 -1.68559e-10 -5.1309e-07
0.171875 0.296875 0.09375 2.1623e-12 -5.04932e-07
0.140625 0.328125 0.15625 6.68575e-12 -4.96268e-07
0.140625 0.359375 0.21875 -8.96524e-11 -4.86495e-07
0.171875 0.328125 0.15625 -1.9718e-12 -4.95832e-07
0.171875 0.359375 0.21875 -1.03602e-10 -4.86016e-07
0.203125 0.265625 0.03125 -1.69772e-10 -5.12824e-07
0.203125 0.296875 0.09375 1.20761e-13 -5.0467e-07
0.234375 0.265625 0.03125 -1.69875e-10 -5.12753e-07
0.234375 0.296875 0.09375 3.49464e-14 -5.04594e-07
0.203125 0.328125 0.15625 -6.13455e-12 -4.95562e-07
0.203125 0.359375 0.21875 -1.10764e-10 -4.85712e-07
0.234375 0.328125 0.15625 -6.8557e-12 -4.95472e-07
0.234375 0.359375 0.21875 -1.12409e-10 -4.85592e-07
0.140625 0.390625 0.28125 -2.12131e-10 -4.75798e-07
0.140625 0.421875 0.34375 -3.22044e-10 -4.62706e-07
0.171875 0.390625 0.28125 -2.32043e-10 -4.75223e-07
0.171875 0.421875 0.34375 -3.48705e-10 -4.61972e-07
0.140625 0.453125 0.40625 -3.91871e-10 -4.44454e-07
0.140625 0.484375 0.46875 -4.16158e-10 -4.17326e-07
0.171875 0.453125 0.40625 -4.27247e-10 -4.43523e-07
0.171875 0.484375 0.46875 -4.64339e-10 -4.16214e-07
0.203125 0.390625 0.28125 -2.42316e-10 -4.74846e-07
0.203125 0.421875 0.34375 -3.61885e-10 -4.61481e-07
0.234375 0.390625 0.28125 -2.44489e-10 -4.74672e-07
0.234375 0.421875 0.34375 -3.63756e-10 -4.61229e-07
0.203125 0.453125 0.40625 -4.43493e-10 -4.42892e-07
0.203125 0.484375 0.46875 -4.84792e-10 -4.15467e-07
0.234375 0.453125 0.40625 -4.44181e-10 -4.42553e-07
0.234375 0.484375 0.46875 -4.83878e-10 -4.15064e-07
0.265625 0.015625 0 0 0
0.265625 0.046875 0 0 0
0.296875 0.015625 0 0 0
0.296875 0.046875 0 0 0
0.265625 0.078125 0 0 0
0.265625 0.109375 0 0 0
0.296875 0.078125 0 0 0
0.296875 0.109375 0 0 0
0.328125 0.015625 0 0 0
0.328125 0.046875 0 0 0
0.359375 0.015625 0 0 0
0.359375 0.046875 0 0 0
0.328125 0.078125 0 0 0
0.328125 0.109375 0 0 0
0.359375 0.078125 0 0 0
0.359375 0.109375 0 0 0
0.265625 0.140625 0 0 0
0.265625 0.171875 0 0 0
0.296875 0.140625 0 0 0
0.296875 0.171875 0 0 0
0.265625 0.203125 0 0 0
0.265625 0.234375 0 0 0
0.296875 0.203125 0 0 0
0.296875 0.234375 0 0 0
0.328125 0.140625 0 0 0
0.328125 0.171875 0 0 0
0.359375 0.140625 0 0 0
0.359375 0.171875 0 0 0
0.328125 0.203125 0 0 0
0.328125 0.234375 0 0 0
0.359375 0.203125 0 0 0
0.359375 0.234375 0 0 0
0.390625 0.015625 0 0 0
0.390625 0.046875 0 0 0
0.421875 0.015625 0 0 0
0.421875 0.046875 0 0 0
0.390625 0.078125 0 0 0
0.390625 0.109375 0 0 0
0.421875 0.078125 0 0 0
0.421875 0.109375 0 0 0
0.453125 0.015625 0 0 0
0.453125 0.046875 0 0 0
0.484375 0.015625 0 0 0
0.484375 0.046875 0 0 0
0.453125 0.078125 0 0 0
0.453125 0.109375 0 0 0
0.484375 0.078125 0 0 0
0.484375 0.109375 0 0 0
0.390625 0.140625 0 0 0
0.390625 0.171875 0 0 0
0.421875 0.140625 0 0 0
0.421875 0.171875 0 0 0
0.390625 0.203125 0 0 0
0.390625 0.234375 0 0 0
0.421875 0.203125 0 0 0
0.421875 0.234375 0 0 0
0.453125 0.140625 0 0 0
0.453125 0.171875 0 0 0
0.484375 0.140625 0 0 0
0.484375 0.171875 0 0 0
0.453125 0.203125 0 0 0
0.453125 0.234375 0 0 0
0.484375 0.203125 0 0 0
0.484375 0.234375 0 0 0
0.265625 0.265625 0.03125 -1.70126e-10 -5.12872e-07
0.265625 0.296875 0.09375 8.67875e-13 -5.04698e-07
0.296875 0.265625 0.03125 -1.69721e-10 -5.13156e-07
0.296875 0.296875 0.09375 2.44831e-12 -5.0496e-07
0.265625 0.328125 0.15625 -5.38172e-12 -4.95556e-07
0.265625 0.359375 0.21875 -1.10252e-10 -4.85646e-07
0.296875 0.328125 0.15625 -2.61749e-12 -4.95791e-07
0.296875 0.359375 0.21875 -1.05936e-10 -4.85849e-07
0.328125 0.265625 0.03125 -1.69849e-10 -5.13574e-07
0.328125 0.296875 0.09375 3.97839e-12 -5.0535e-07
0.359375 0.265625 0.03125 -1.69602e-10 -5.14092e-07
0.359375 0.296875 0.09375 5.53229e-12 -5.05837e-07
0.328125 0.328125 0.15625 4.84776e-13 -4.96149e-07
0.328125 0.359375 0.21875 -1.00896e-10 -4.86173e-07
0.359375 0.328125 0.15625 3.47971e-12 -4.96601e-07
0.359375 0.359375 0.21875 -9.60572e-11 -4.86586e-07
0.265625 0.390625 0.28125 -2.4097e-10 -4.74683e-07
0.265625 0.421875 0.34375 -3.57786e-10 -4.61188e-07
0.296875 0.390625 0.28125 -2.34268e-10 -4.7485e-07
0.296875 0.421875 0.34375 -3.47577e-10 -4.61315e-07
0.265625 0.453125 0.40625 -4.34503e-10 -4.42459e-07
0.265625 0.484375 0.46875 -4.69621e-10 -4.14942e-07
0.296875 0.453125 0.40625 -4.19601e-10 -4.42552e-07
0.296875 0.484375 0.46875 -4.49308e-10 -4.15024e-07
0.328125 0.390625 0.28125 -2.26512e-10 -4.75137e-07
0.328125 0.421875 0.34375 -3.36158e-10 -4.61567e-07
0.359375 0.390625 0.28125 -2.19172e-10 -4.75513e-07
0.359375 0.421875 0.34375 -3.25619e-10 -4.61906e-07
0.328125 0.453125 0.40625 -4.0364e-10 -4.42776e-07
0.328125 0.484375 0.46875 -4.28431e-10 -4.15241e-07
0.359375 0.453125 0.40625 -3.89373e-10 -4.43087e-07
0.359375 0.484375 0.46875 -4.10366e-10 -4.1554e-07
0.390625 0.265625 0.03125 -1.69857e-10 -5.1468e-07
0.390625 0.296875 0.09375 6.71183e-12 -5.06391e-07
0.421875 0.265625 0.03125 -1.69883e-10 -5.15308e-07
0.421875 0.296875 0.09375 7.77716e-12 -5.06987e-07
0.390625 0.328125 0.15625 6.01821e-12 -4.97118e-07
0.390625 0.359375 0.21875 -9.19267e-11 -4.87064e-07
0.421875 0.328125 0.15625 8.17788e-12 -4.97677e-07
0.421875 0.359375 0.21875 -8.85312e-11 -4.87582e-07
0.453125 0.265625 0.03125 -1.70031e-10 -5.15953e-07
0.453125 0.296875 0.09375 8.7043e-12 -5.07602e-07
0.484375 0.265625 0.03125 -1.70541e-10 -5.16593e-07
0.484375 0.296875 0.09375 9.21585e-12 -5.0822e-07
0.453125 0.328125 0.15625 1.00544e-11 -4.98259e-07
0.453125 0.359375 0.21875 -8.56887e-11 -4.88125e-07
0.484375 0.328125 0.15625 1.15367e-11 -4.9885e-07
0.484375 0.359375 0.21875 -8.32856e-11 -4.88684e-07
0.390625 0.390625 0.28125 -2.1301e-10 -4.75949e-07
0.390625 0.421875 0.34375 -3.17016e-10 -4.62304e-07
0.421875 0.390625 0.28125 -2.0814e-10 -4.76425e-07
0.421875 0.421875 0.34375 -3.1052e-10 -4.6274e-07
0.390625 0.453125 0.40625 -3.78116e-10 -4.43452e-07
0.390625 0.484375 0.46875 -3.9664e-10 -4.15886e-07
0.421875 0.453125 0.40625 -3.70058e-10 -4.43854e-07
0.421875 0.484375 0.46875 -3.87462e-10 -4.16264e-07
0.453125 0.390625 0.28125 -2.04281e-10 -4.76928e-07
0.453125 0.421875 0.34375 -3.05714e-10 -4.63205e-07
0.484375 0.390625 0.28125 -2.01047e-10 -4.77454e-07
0.484375 0.421875 0.34375 -3.01871e-10 -4.637e-07
0.453125 0.453125 0.40625 -3.64602e-10 -4.44287e-07
0.453125 0.484375 0.46875 -3.81922e-10 -4.16674e-07
0.484375 0.453125 0.40625 -3.60554e-10 -4.44758e-07
0.484375 0.484375 0.46875 -3.78211e-10 -4.17129e-07
0.015625 0.515625 0.53125 7.39679e-12 -3.82688e-07
0.015625 0.546875 0.59375 -1.56649e-10 -3.26146e-07
0.046875 0.515625 0.53125 -9.86592e-11 -3.81882e-07
0.046875 0.546875 0.59375 -2.93129e-10 -3.2473e-07
0.015625 0.578125 0.65625 -5.08817e-10 -2.46094e-07
0.015625 0.609375 0.71875 -2.29608e-10 -1.31812e-07
0.046875 0.578125 0.65625 -6.41661e-10 -2.43582e-07
0.046875 0.609375 0.71875 -3.55458e-10 -1.27697e-07
0.078125 0.515625 0.53125 -2.46391e-10 -3.80431e-07
0.078125 0.546875 0.59375 -4.91447e-10 -3.22907e-07
0.109375 0.515625 0.53125 -3.91314e-10 -3.78745e-07
0.109375 0.546875 0.59375 -6.8381e-10 -3.21022e-07
0.078125 0.578125 0.65625 -8.62173e-10 -2.4096e-07
0.078125 0.609375 0.71875 -5.63923e-10 -1.23505e-07
0.109375 0.578125 0.65625 -1.07706e-09 -2.38619e-07
0.109375 0.609375 0.71875 -7.59056e-10 -1.2019e-07
0.015625 0.640625 0.78125 1.83965e-09 2.85785e-08
0.015625 0.671875 0.84375 4.98693e-09 2.34392e-07
0.046875 0.640625 0.78125 1.56165e-09 3.50386e-08
0.046875 0.671875 0.84375 4.0575e-09 2.44134e-07
0.015625 0.703125 0.90625 3.15945e-09 4.58299e-07
0.015625 0.734375 0.96875 -2.79466e-09 6.69921e-07
0.046875 0.703125 0.90625 2.07198e-09 4.72353e-07
0.046875 0.734375 0.96875 -3.00101e-09 6.89194e-07
0.078125 0.640625 0.78125 1.34877e-09 4.14989e-08
0.078125 0.671875 0.84375 3.54521e-09 2.52452e-07
0.109375 0.640625 0.78125 1.19613e-09 4.60876e-08
0.109375 0.671875 0.84375 3.29086e-09 2.57662e-07
0.078125 0.703125 0.90625 1.52679e-09 4.81697e-07
0.078125 0.734375 0.96875 -3.07624e-09 6.99774e-07
0.109375 0.703125 0.90625 1.30148e-09 4.86492e-07
0.109375 0.734375 0.96875 -3.10162e-09 7.04e-07
0.140625 0.515625 0.53125 -5.0177e-10 -3.77192e-07
0.140625 0.546875 0.59375 -8.27174e-10 -3.194e-07
0.171875 0.515625 0.53125 -5.67866e-10 -3.7599e-07
0.171875 0.546875 0.59375 -9.10028e-10 -3.18236e-07
0.140625 0.578125 0.65625 -1.23426e-09 -2.36884e-07
0.140625 0.609375 0.71875 -8.97488e-10 -1.18181e-07
0.171875 0.578125 0.65625 -1.32192e-09 -2.35867e-07
0.171875 0.609375 0.71875 -9.7122e-10 -1.17386e-07
0.203125 0.515625 0.53125 -5.94263e-10 -3.7521e-07
0.203125 0.546875 0.59375 -9.41164e-10 -3.17569e-07
0.234375 0.515625 0.53125 -5.91994e-10 -3.74821e-07
0.234375 0.546875 0.59375 -9.37023e-10 -3.17326e-07
0.203125 0.578125 0.65625 -1.35213e-09 -2.35486e-07
0.203125 0.609375 0.71875 -9.93286e-10 -1.17451e-07
0.234375 0.578125 0.65625 -1.34481e-09 -2.35563e-07
0.234375 0.609375 0.71875 -9.82127e-10 -1.18003e-07
0.140625 0.640625 0.78125 1.09932e-09 4.83875e-08
0.140625 0.671875 0.84375 3.18496e-09 2.59808e-07
0.171875 0.640625 0.78125 1.05517e-09 4.8873e-08
0.171875 0.671875 0.84375 3.14165e-09 2.59808e-07
0.140625 0.703125 0.90625 1.21142e-09 4.87902e-07
0.140625 0.734375 0.96875 -3.09691e-09 7.04473e-07
0.171875 0.703125 0.90625 1.18758e-09 4.87226e-07
0.171875 0.734375 0.96875 -3.08939e-09 7.03084e-07
0.203125 0.640625 0.78125 1.04558e-09 4.82658e-08
0.203125 0.671875 0.84375 3.13742e-09 2.58643e-07
0.234375 0.640625 0.78125 1.06062e-09 4.71709e-08
0.234375 0.671875 0.84375 3.14996e-09 2.57065e-07
0.203125 0.703125 0.90625 1.18734e-09 4.85561e-07
0.203125 0.734375 0.96875 -3.07938e-09 7.00976e-07
0.234375 0.703125 0.90625 1.19959e-09 4.83634e-07
0.234375 0.734375 0.96875 -3.07224e-09 6.98791e-07
0.015625 0.765625 0 0 0
0.015625 0.796875 0 0 0
0.046875 0.765625 0 0 0
0.046875 0.796875 0 0 0
0.015625 0.828125 0 0 0
0.015625 0.859375 0 0 0
0.046875 0.828125 0 0 0
0.046875 0.859375 0 0 0
0.078125 0.765625 0 0 0
0.078125 0.796875 0 0 0
0.109375 0.765625 0 0 0
0.109375 0.796875 0 0 0
0.078125 0.828125 0 0 0
0.078125 0.859375 0 0 0
0.109375 0.828125 0 0 0
0.109375 0.859375 0 0 0
0.015625 0.890625 0 0 0
0.015625 0.921875 0 0 0
0.046875 0.890625 0 0 0
0.046875 0.921875 0 0 0
0.015625 0.953125 0 0 0
0.015625 0.984375 0 0 0
0.046875 0.953125 0 0 0
0.046875 0.984375 0 0 0
0.078125 0.890625 0 0 0
0.078125 0.921875 0 0 0
0.109375 0.890625 0 0 0
0.109375 0.921875 0 0 0
0.078125 0.953125 0 0 0
0.078125 0.984375 0 0 0
0.109375 0.953125 0 0 0
0.109375 0.984375 0 0 0
0.140625 0.765625 0 0 0
0.140625 0.796875 0 0 0
0.171875 0.765625 0 0 0
0.171875 0.796875 0 0 0
0.140625 0.828125 0 0 0
0.140625 0.859375 0 0 0
0.171875 0.828125 0 0 0
0.171875 0.859375 0 0 0
0.203125 0.765625 0 0 0
0.203125 0.796875 0 0 0
0.234375 0.765625 0 0 0
0.234375 0.796875 0 0 0
0.203125 0.828125 0 0 0
0.203125 0.859375 0 0 0
0.234375 0.828125 0 0 0
0.234375 0.859375 0 0 0
0.140625 0.890625 0 0 0
0.140625 0.921875 0 0 0
0.171875 0.890625 0 0 0
0.171875 0.921875 0 0 0
0.140625 0.953125 0 0 0
0.140625 0.984375 0 0 0
0.171875 0.953125 0 0 0
0.171875 0.984375 0 0 0
0.203125 0.890625 0 0 0
0.203125 0.921875 0 0 0
0.234375 0.890625 0 0 0
0.234375 0.921875 0 0 0
0.203125 0.953125 0 0 0
0.203125 0.984375 0 0 0
0.234375 0.953125 0 0 0
0.234375 0.984375 0 0 0
0.265625 0.515625 0.53125 -5.73121e-10 -3.74735e-07
0.265625 0.546875 0.59375 -9.13797e-10 -3.17389e-07
0.296875 0.515625 0.53125 -5.47556e-10 -3.74859e-07
0.296875 0.546875 0.59375 -8.83761e-10 -3.17636e-07
0.265625 0.578125 0.65625 -1.31815e-09 -2.3591e-07
0.265625 0.609375 0.71875 -9.54427e-10 -1.18752e-07
0.296875 0.578125 0.65625 -1.28546e-09 -2.36376e-07
0.296875 0.609375 0.71875 -9.22292e-10 -1.19514e-07
0.328125 0.515625 0.53125 -5.22153e-10 -3.75108e-07
0.328125 0.546875 0.59375 -8.54822e-10 -3.17973e-07
0.359375 0.515625 0.53125 -5.00824e-10 -3.75423e-07
0.359375 0.546875 0.59375 -8.31366e-10 -3.18342e-07
0.328125 0.578125 0.65625 -1.25501e-09 -2.36864e-07
0.328125 0.609375 0.71875 -8.93611e-10 -1.20202e-07
0.359375 0.578125 0.65625 -1.23134e-09 -2.37327e-07
0.359375 0.609375 0.71875 -8.71902e-10 -1.20793e-07
0.265625 0.640625 0.78125 1.08645e-09 4.59839e-08
0.265625 0.671875 0.84375 3.17149e-09 2.5551e-07
0.296875 0.640625 0.78125 1.11468e-09 4.49056e-08
0.296875 0.671875 0.84375 3.19194e-09 2.54171e-07
0.265625 0.703125 0.90625 1.21304e-09 4.8184e-07
0.265625 0.734375 0.96875 -3.06397e-09 6.96843e-07
0.296875 0.703125 0.90625 1.22803e-09 4.80334e-07
0.296875 0.734375 0.96875 -3.05922e-09 6.95229e-07
0.328125 0.640625 0.78125 1.13858e-09 4.40037e-08
0.328125 0.671875 0.84375 3.21051e-09 2.53088e-07
0.359375 0.640625 0.78125 1.15642e-09 4.32719e-08
0.359375 0.671875 0.84375 3.22163e-09 2.5222e-07
0.328125 0.703125 0.90625 1.2377e-09 4.79122e-07
0.328125 0.734375 0.96875 -3.05241e-09 6.93927e-07
0.359375 0.703125 0.90625 1.24735e-09 4.7814e-07
0.359375 0.734375 0.96875 -3.05123e-09 6.92844e-07
0.390625 0.515625 0.53125 -4.8535e-10 -3.7577e-07
0.390625 0.546875 0.59375 -8.15221e-10 -3.18716e-07
0.421875 0.515625 0.53125 -4.75807e-10 -3.76139e-07
0.421875 0.546875 0.59375 -8.05968e-10 -3.19093e-07
0.390625 0.578125 0.65625 -1.21568e-09 -2.37755e-07
0.390625 0.609375 0.71875 -8.58111e-10 -1.21299e-07
0.421875 0.578125 0.65625 -1.20722e-09 -2.3816e-07
0.421875 0.609375 0.71875 -8.51109e-10 -1.21753e-07
0.453125 0.515625 0.53125 -4.70763e-10 -3.76537e-07
0.453125 0.546875 0.59375 -8.01712e-10 -3.19491e-07
0.484375 0.515625 0.53125 -4.67882e-10 -3.76983e-07
0.484375 0.546875 0.59375 -8.00084e-10 -3.19935e-07
0.453125 0.578125 0.65625 -1.204e-09 -2.3857e-07
0.453125 0.609375 0.71875 -8.49868e-10 -1.22199e-07
0.484375 0.578125 0.65625 -1.20413e-09 -2.39023e-07
0.484375 0.609375 0.71875 -8.51874e-10 -1.22685e-07
0.390625 0.640625 0.78125 1.16667e-09 4.26665e-08
0.390625 0.671875 0.84375 3.22958e-09 2.515e-07
0.421875 0.640625 0.78125 1.17104e-09 4.21323e-08
0.421875 0.671875 0.84375 3.22774e-09 2.50846e-07
0.390625 0.703125 0.90625 1.24782e-09 4.77294e-07
0.390625 0.734375 0.96875 -3.04546e-09 6.91876e-07
0.421875 0.703125 0.90625 1.25037e-09 4.76495e-07
0.421875 0.734375 0.96875 -3.04615e-09 6.90932e-07
0.453125 0.640625 0.78125 1.16891e-09 4.16082e-08
0.453125 0.671875 0.84375 3.22571e-09 2.50192e-07
0.484375 0.640625 0.78125 1.16474e-09 4.10451e-08
0.484375 0.671875 0.84375 3.21612e-09 2.49487e-07
0.453125 0.703125 0.90625 1.2443e-09 4.75672e-07
0.453125 0.734375 0.96875 -3.04037e-09 6.89939e-07
0.484375 0.703125 0.90625 1.24387e-09 4.74777e-07
0.484375 0.734375 0.96875 -3.0435e-09 6.88834e-07
0.265625 0.765625 0 0 0
0.265625 0.796875 0 0 0
0.296875 0.765625 0 0 0
0.296875 0.796875 0 0 0
0.265625 0.828125 0 0 0
0.265625 0.859375 0 0 0
0.296875 0.828125 0 0 0
0.296875 0.859375 0 0 0
0.328125 0.765625 0 0 0
0.328125 0.796875 0 0 0
0.359375 0.765625 0 0 0
0.359375 0.796875 0 0 0
0.328125 0.828125 0 0 0
0.328125 0.859375 0 0 0
0.359375 0.828125 0 0 0
0.359375 0.859375 0 0 0
0.265625 0.890625 0 0 0
0.265625 0.921875 0 0 0
0.296875 0.890625 0 0 0
0.296875 0.921875 0 0 0
0.265625 0.953125 0 0 0
0.265625 0.984375 0 0 0
0.296875 0.953125 0 0 0
0.296875 0.984375 0 0 0
0.328125 0.890625 0 0 0
0.328125 0.921875 0 0 0
0.359375 0.890625 0 0 0
0.359375 0.921875 0 0 0
0.328125 0.953125 0 0 0
0.328125 0.984375 0 0 0
0.359375 0.953125 0 0 0
0.359375 0.984375 0 0 0
0.390625 0.765625 0 0 0
0.390625 0.796875 0 0 0
0.421875 0.765625 0 0 0
0.421875 0.796875 0 0 0
0.390625 0.828125 0 0 0
0.390625 0.859375 0 0 0
0.421875 0.828125 0 0 0
0.421875 0.859375 0 0 0
0.453125 0.765625 0 0 0
0.453125 0.796875 0 0 0
0.484375 0.765625 0 0 0
0.484375 0.796875 0 0 0
0.453125 0.828125 0 0 0
0.453125 0.859375 0 0 0
0.484375 0.828125 0 0 0
0.484375 0.859375 0 0 0
0.390625 0.890625 0 0 0
0.390625 0.921875 0 0 0
0.421875 0.890625 0 0 0
0.421875 0.921875 0 0 0
0.390625 0.953125 0 0 0
0.390625 0.984375 0 0 0
0.421875 0.953125 0 0 0
0.421875 0.984375 0 0 0
0.453125 0.890625 0 0 0
0.453125 0.921875 0 0 0
0.484375 0.890625 0 0 0
0.484375 0.921875 0 0 0
0.453125 0.953125 0 0 0
0.453125 0.984375 0 0 0
0.484375 0.953125 0 0 0
0.484375 0.984375 0 0 0
0.515625 0.015625 0 0 0
0.515625 0.046875 0 0 0
0.546875 0.015625 0 0 0
0.546875 0.046875 0 0 0
0.515625 0.078125 0 0 0
0.515625 0.109375 0 0 0
0.546875 0.078125 0 0 0
0.546875 0.109375 0 0 0
0.578125 0.015625 0 0 0
0.578125 0.046875 0 0 0
0.609375 0.015625 0 0 0
0.609375 0.046875 0 0 0
0.578125 0.078125 0 0 0
0.578125 0.109375 0 0 0
0.609375 0.078125 0 0 0
0.609375 0.109375 0 0 0
0.515625 0.140625 0 0 0
0.515625 0.171875 0 0 0
0.546875 0.140625 0 0 0
0.546875 0.171875 0 0 0
0.515625 0.203125 0 0 0
0.515625 0.234375 0 0 0
0.546875 0.203125 0 0 0
0.546875 0.234375 0 0 0
0.578125 0.140625 0 0 0
0.578125 0.171875 0 0 0
0.609375 0.140625 0 0 0
0.609375 0.171875 0 0 0
0.578125 0.203125 0 0 0
0.578125 0.234375 0 0 0
0.609375 0.203125 0 0 0
0.609375 0.234375 0 0 0
0.640625 0.015625 0 0 0
0.640625 0.046875 0 0 0
0.671875 0.015625 0 0 0
0.671875 0.046875 0 0 0
0.640625 0.078125 0 0 0
0.640625 0.109375 0 0 0
0.671875 0.078125 0 0 0
0.671875 0.109375 0 0 0
0.703125 0.015625 0 0 0
0.703125 0.046875 0 0 0
0.734375 0.015625 0 0 0
0.734375 0.046875 0 0 0
0.703125 0.078125 0 0 0
0.703125 0.109375 0 0 0
0.734375 0.078125 0 0 0
0.734375 0.109375 0 0 0
0.640625 0.140625 0 0 0
0.640625 0.171875 0 0 0
0.671875 0.140625 0 0 0
0.671875 0.171875 0 0 0
0.640625 0.203125 0 0 0
0.640625 0.234375 0 0 0
0.671875 0.203125 0 0 0
0.671875 0.234375 0 0 0
0.703125 0.140625 0 0 0
0.703125 0.171875 0 0 0
0.734375 0.140625 0 0 0
0.734375 0.171875 0 0 0
0.703125 0.203125 0 0 0
0.703125 0.234375 0 0 0
0.734375 0.203125 0 0 0
0.734375 0.234375 0 0 0
0.515625 0.265625 0.03125 -1.70422e-10 -5.17214e-07
0.515625 0.296875 0.09375 9.60302e-12 -5.08827e-07
0.546875 0.265625 0.03125 -1.7062e-10 -5.17806e-07
0.546875 0.296875 0.09375 9.59178e-12 -5.09414e-07
0.515625 0.328125 0.15625 1.27102e-11 -4.99439e-07
0.515625 0.359375 0.21875 -8.11149e-11 -4.89253e-07
0.546875 0.328125 0.15625 1.36317e-11 -5.00021e-07
0.546875 0.359375 0.21875 -7.88026e-11 -4.8983e-07
0.578125 0.265625 0.03125 -1.69653e-10 -5.18363e-07
0.578125 0.296875 0.09375 1.00509e-11 -5.09976e-07
0.609375 0.265625 0.03125 -1.69204e-10 -5.18875e-07
0.609375 0.296875 0.09375 1.0816e-11 -5.10508e-07
0.578125 0.328125 0.15625 1.49881e-11 -5.00593e-07
0.578125 0.359375 0.21875 -7.55114e-11 -4.90416e-07
0.609375 0.328125 0.15625 1.7424e-11 -5.01151e-07
0.609375 0.359375 0.21875 -7.00877e-11 -4.91009e-07
0.515625 0.390625 0.28125 -1.97887e-10 -4.78002e-07
0.515625 0.421875 0.34375 -2.97913e-10 -4.64232e-07
0.546875 0.390625 0.28125 -1.93973e-10 -4.78577e-07
0.546875 0.421875 0.34375 -2.92402e-10 -4.6481e-07
0.515625 0.453125 0.40625 -3.56162e-10 -4.4528e-07
0.515625 0.484375 0.46875 -3.73971e-10 -4.17647e-07
0.546875 0.453125 0.40625 -3.49375e-10 -4.45869e-07
0.546875 0.484375 0.46875 -3.6674e-10 -4.18254e-07
0.578125 0.390625 0.28125 -1.8808e-10 -4.79183e-07
0.578125 0.421875 0.34375 -2.83634e-10 -4.65445e-07
0.609375 0.390625 0.28125 -1.78668e-10 -4.79823e-07
0.609375 0.421875 0.34375 -2.69731e-10 -4.66146e-07
0.578125 0.453125 0.40625 -3.38045e-10 -4.46543e-07
0.578125 0.484375 0.46875 -3.53847e-10 -4.18975e-07
0.609375 0.453125 0.40625 -3.19851e-10 -4.47318e-07
0.609375 0.484375 0.46875 -3.32172e-10 -4.19834e-07
0.640625 0.265625 0.03125 -1.66662e-10 -5.19331e-07
0.640625 0.296875 0.09375 1.35217e-11 -5.10997e-07
0.671875 0.265625 0.03125 -1.65137e-10 -5.19699e-07
0.671875 0.296875 0.09375 1.73671e-11 -5.1142e-07
0.640625 0.328125 0.15625 2.23464e-11 -5.01684e-07
0.640625 0.359375 0.21875 -6.10855e-11 -4.91603e-07
0.671875 0.328125 0.15625 3.00701e-11 -5.02176e-07
0.671875 0.359375 0.21875 -4.77739e-11 -4.92184e-07
0.703125 0.265625 0.03125 -1.60431e-10 -5.19941e-07
0.703125 0.296875 0.09375 2.38399e-11 -5.11739e-07
0.734375 0.265625 0.03125 -1.58833e-10 -5.20005e-07
0.734375 0.296875 0.09375 2.91682e-11 -5.11911e-07
0.703125 0.328125 0.15625 4.09023e-11 -5.02593e-07
0.703125 0.359375 0.21875 -3.04411e-11 -4.92723e-07
0.734375 0.328125 0.15625 5.19014e-11 -5.02892e-07
0.734375 0.359375 0.21875 -1.2014e-11 -4.93175e-07
0.640625 0.390625 0.28125 -1.64203e-10 -4.80496e-07
0.640625 0.421875 0.34375 -2.48993e-10 -4.66915e-07
0.671875 0.390625 0.28125 -1.4387e-10 -4.81189e-07
0.671875 0.421875 0.34375 -2.20493e-10 -4.67742e-07
0.640625 0.453125 0.40625 -2.92631e-10 -4.482e-07
0.640625 0.484375 0.46875 -2.9888e-10 -4.20839e-07
0.671875 0.453125 0.40625 -2.5524e-10 -4.49176e-07
0.671875 0.484375 0.46875 -2.52783e-10 -4.21974e-07
0.703125 0.390625 0.28125 -1.18339e-10 -4.81873e-07
0.703125 0.421875 0.34375 -1.85256e-10 -4.6859e-07
0.734375 0.390625 0.28125 -9.09797e-11 -4.82496e-07
0.734375 0.421875 0.34375 -1.47563e-10 -4.69395e-07
0.703125 0.453125 0.40625 -2.0924e-10 -4.50202e-07
0.703125 0.484375 0.46875 -1.96105e-10 -4.23191e-07
0.734375 0.453125 0.40625 -1.60257e-10 -4.51197e-07
0.734375 0.484375 0.46875 -1.35578e-10 -4.24394e-07
0.765625 0.015625 0 0 0
0.765625 0.046875 0 0 0
0.796875 0.015625 0 0 0
0.796875 0.046875 0 0 0
0.765625 0.078125 0 0 0
0.765625 0.109375 0 0 0
0.796875 0.078125 0 0 0
0.796875 0.109375 0 0 0
0.828125 0.015625 0 0 0
0.828125 0.046875 0 0 0
0.859375 0.015625 0 0 0
0.859375 0.046875 0 0 0
0.828125 0.078125 0 0 0
0.828125 0.109375 0 0 0
0.859375 0.078125 0 0 0
0.859375 0.109375 0 0 0
0.765625 0.140625 0 0 0
0.765625 0.171875 0 0 0
0.796875 0.140625 0 0 0
0.796875 0.171875 0 0 0
0.765625 0.203125 0 0 0
0.765625 0.234375 0 0 0
0.796875 0.203125 0 0 0
0.796875 0.234375 0 0 0
0.828125 0.140625 0 0 0
0.828125 0.171875 0 0 0
0.859375 0.140625 0 0 0
0.859375 0.171875 0 0 0
0.828125 0.203125 0 0 0
0.828125 0.234375 0 0 0
0.859375 0.203125 0 0 0
0.859375 0.234375 0 0 0
0.890625 0.015625 0 0 0
0.890625 0.046875 0 0 0
0.921875 0.015625 0 0 0
0.921875 0.046875 0 0 0
0.890625 0.078125 0 0 0
0.890625 0.109375 0 0 0
0.921875 0.078125 0 0 0
0.921875 0.109375 0 0 0
0.953125 0.015625 0 0 0
0.953125 0.046875 0 0 0
0.984375 0.015625 0 0 0
0.984375 0.046875 0 0 0
0.953125 0.078125 0 0 0
0.953125 0.109375 0 0 0
0.984375 0.078125 0 0 0
0.984375 0.109375 0 0 0
0.890625 0.140625 0 0 0
0.890625 0.171875 0 0 0
0.921875 0.140625 0 0 0
0.921875 0.171875 0 0 0
0.890625 0.203125 0 0 0
0.890625 0.234375 0 0 0
0.921875 0.203125 0 0 0
0.921875 0.234375 0 0 0
0.953125 0.140625 0 0 0
0.953125 0.171875 0 0 0
0.984375 0.140625 0 0 0
0.984375 0.171875 0 0 0
0.953125 0.203125 0 0 0
0.953125 0.234375 0 0 0
0.984375 0.203125 0 0 0
0.984375 0.234375 0 0 0
0.765625 0.265625 0.03125 -1.53658e-10 -5.19851e-07
0.765625 0.296875 0.09375 3.40975e-11 -5.11885e-07
0.796875 0.265625 0.03125 -1.50518e-10 -5.1945e-07
0.796875 0.296875 0.09375 3.62911e-11 -5.11625e-07
0.765625 0.328125 0.15625 6.09832e-11 -5.0302e-07
0.765625 0.359375 0.21875 3.76973e-12 -4.93478e-07
0.796875 0.328125 0.15625 6.56515e-11 -5.02927e-07
0.796875 0.359375 0.21875 1.2763e-11 -4.93567e-07
0.828125 0.265625 0.03125 -1.46711e-10 -5.18789e-07
0.828125 0.296875 0.09375 3.65965e-11 -5.11113e-07
0.859375 0.265625 0.03125 -1.4373e-10 -5.17898e-07
0.859375 0.296875 0.09375 3.46616e-11 -5.10379e-07
0.828125 0.328125 0.15625 6.47507e-11 -5.02584e-07
0.828125 0.359375 0.21875 1.14696e-11 -4.93396e-07
0.859375 0.328125 0.15625 5.70864e-11 -5.02013e-07
0.859375 0.359375 0.21875 -2.42979e-12 -4.92972e-07
0.765625 0.390625 0.28125 -6.71009e-11 -4.82983e-07
0.765625 0.421875 0.34375 -1.14697e-10 -4.70062e-07
0.796875 0.390625 0.28125 -5.31796e-11 -4.83247e-07
0.796875 0.421875 0.34375 -9.57234e-11 -4.70484e-07
0.765625 0.453125 0.40625 -1.17724e-10 -4.52045e-07
0.765625 0.484375 0.46875 -8.21269e-11 -4.2544e-07
0.796875 0.453125 0.40625 -9.29997e-11 -4.52609e-07
0.796875 0.484375 0.46875 -4.88287e-11 -4.26149e-07
0.828125 0.390625 0.28125 -5.50383e-11 -4.83225e-07
0.828125 0.421875 0.34375 -9.8438e-11 -4.70572e-07
0.859375 0.390625 0.28125 -7.58713e-11 -4.82904e-07
0.859375 0.421875 0.34375 -1.26601e-10 -4.70288e-07
0.828125 0.453125 0.40625 -9.54939e-11 -4.52764e-07
0.828125 0.484375 0.46875 -4.74615e-11 -4.2634e-07
0.859375 0.453125 0.40625 -1.30316e-10 -4.52438e-07
0.859375 0.484375 0.46875 -8.77696e-11 -4.2591e-07
0.890625 0.265625 0.03125 -1.4563e-10 -5.1685e-07
0.890625 0.296875 0.09375 2.70705e-11 -5.09512e-07
0.921875 0.265625 0.03125 -1.66974e-10 -5.15806e-07
0.921875 0.296875 0.09375 4.99972e-13 -5.08649e-07
0.890625 0.328125 0.15625 4.07667e-11 -5.01299e-07
0.890625 0.359375 0.21875 -2.89839e-11 -4.92364e-07
0.921875 0.328125 0.15625 1.06738e-11 -5.00556e-07
0.921875 0.359375 0.21875 -6.55477e-11 -4.91666e-07
0.953125 0.265625 0.03125 -1.77872e-10 -5.15054e-07
0.953125 0.296875 0.09375 -3.23206e-11 -5.07942e-07
0.984375 0.265625 0.03125 -1.84426e-10 -5.14801e-07
0.984375 0.296875 0.09375 -6.3575e-11 -5.07504e-07
0.953125 0.328125 0.15625 -2.60513e-11 -4.99865e-07
0.953125 0.359375 0.21875 -1.01204e-10 -4.90935e-07
0.984375 0.328125 0.15625 -5.83351e-11 -4.99252e-07
0.984375 0.359375 0.21875 -1.30571e-10 -4.90177e-07
0.890625 0.390625 0.28125 -1.13576e-10 -4.82336e-07
0.890625 0.421875 0.34375 -1.76688e-10 -4.69669e-07
0.921875 0.390625 0.28125 -1.58828e-10 -4.81608e-07
0.921875 0.421875 0.34375 -2.36945e-10 -4.68832e-07
0.890625 0.453125 0.40625 -1.95149e-10 -4.51668e-07
0.890625 0.484375 0.46875 -1.72987e-10 -4.24923e-07
0.921875 0.453125 0.40625 -2.76973e-10 -4.5064e-07
0.921875 0.484375 0.46875 -2.89741e-10 -4.23668e-07
0.953125 0.390625 0.28125 -2.00651e-10 -4.80804e-07
0.953125 0.421875 0.34375 -2.90817e-10 -4.67944e-07
0.984375 0.390625 0.28125 -2.30443e-10 -4.79976e-07
0.984375 0.421875 0.34375 -3.27362e-10 -4.6716e-07
0.953125 0.453125 0.40625 -3.53388e-10 -4.49665e-07
0.953125 0.484375 0.46875 -3.95801e-10 -4.22598e-07
0.984375 0.453125 0.40625 -4.00486e-10 -4.49028e-07
0.984375 0.484375 0.46875 -4.63525e-10 -4.22102e-07
0.515625 0.515625 0.53125 -4.64586e-10 -3.77504e-07
0.515625 0.546875 0.59375 -7.98509e-10 -3.20461e-07
0.546875 0.515625 0.53125 -4.58069e-10 -3.78133e-07
0.546875 0.546875 0.59375 -7.93517e-10 -3.21113e-07
0.515625 0.578125 0.65625 -1.20448e-09 -2.39563e-07
0.515625 0.609375 0.71875 -8.54398e-10 -1.23256e-07
0.546875 0.578125 0.65625 -1.20127e-09 -2.40235e-07
0.546875 0.609375 0.71875 -8.53656e-10 -1.2396e-07
0.578125 0.515625 0.53125 -4.44802e-10 -3.78905e-07
0.578125 0.546875 0.59375 -7.80738e-10 -3.2193e-07
0.609375 0.515625 0.53125 -4.20716e-10 -3.79848e-07
0.609375 0.546875 0.59375 -7.55898e-10 -3.22946e-07
0.578125 0.578125 0.65625 -1.1901e-09 -2.41086e-07
0.578125 0.609375 0.71875 -8.46807e-10 -1.24858e-07
0.609375 0.578125 0.65625 -1.16731e-09 -2.4217e-07
0.609375 0.609375 0.71875 -8.29124e-10 -1.26033e-07
0.515625 0.640625 0.78125 1.15842e-09 4.03965e-08
0.515625 0.671875 0.84375 3.21073e-09 2.48689e-07
0.546875 0.640625 0.78125 1.15504e-09 3.96114e-08
0.546875 0.671875 0.84375 3.19762e-09 2.4773e-07
0.515625 0.703125 0.90625 1.23241e-09 4.73755e-07
0.515625 0.734375 0.96875 -3.03713e-09 6.8757e-07
0.546875 0.703125 0.90625 1.22974e-09 4.72546e-07
0.546875 0.734375 0.96875 -3.03817e-09 6.86083e-07
0.578125 0.640625 0.78125 1.15385e-09 3.86043e-08
0.578125 0.671875 0.84375 3.19404e-09 2.46519e-07
0.609375 0.640625 0.78125 1.1634e-09 3.72678e-08
0.609375 0.671875 0.84375 3.1914e-09 2.44924e-07
0.578125 0.703125 0.90625 1.22148e-09 4.7105e-07
0.578125 0.734375 0.96875 -3.02861e-09 6.84301e-07
0.609375 0.703125 0.90625 1.22865e-09 4.69151e-07
0.609375 0.734375 0.96875 -3.0308e-09 6.82099e-07
0.640625 0.515625 0.53125 -3.82715e-10 -3.80974e-07
0.640625 0.546875 0.59375 -7.15885e-10 -3.24192e-07
0.671875 0.515625 0.53125 -3.29627e-10 -3.82276e-07
0.671875 0.546875 0.59375 -6.58658e-10 -3.25677e-07
0.640625 0.578125 0.65625 -1.12862e-09 -2.43545e-07
0.640625 0.609375 0.71875 -7.96022e-10 -1.27578e-07
0.671875 0.578125 0.65625 -1.0705e-09 -2.45248e-07
0.671875 0.609375 0.71875 -7.4106e-10 -1.29558e-07
0.703125 0.515625 0.53125 -2.6367e-10 -3.83707e-07
0.703125 0.546875 0.59375 -5.85032e-10 -3.27365e-07
0.734375 0.515625 0.53125 -1.91391e-10 -3.85159e-07
0.734375 0.546875 0.59375 -4.99811e-10 -3.29133e-07
0.703125 0.578125 0.65625 -9.90937e-10 -2.47255e-07
0.703125 0.609375 0.71875 -6.61724e-10 -1.31965e-07
0.734375 0.578125 0.65625 -8.93081e-10 -2.49432e-07
0.734375 0.609375 0.71875 -5.58478e-10 -1.34688e-07
0.640625 0.640625 0.78125 1.18603e-09 3.5478e-08
0.640625 0.671875 0.84375 3.20899e-09 2.42815e-07
0.671875 0.640625 0.78125 1.23148e-09 3.31458e-08
0.671875 0.671875 0.84375 3.23143e-09 2.40049e-07
0.640625 0.703125 0.90625 1.22815e-09 4.66683e-07
0.640625 0.734375 0.96875 -3.01236e-09 6.79306e-07
0.671875 0.703125 0.90625 1.2582e-09 4.63466e-07
0.671875 0.734375 0.96875 -3.01173e-09 6.75651e-07
0.703125 0.640625 0.78125 1.29838e-09 3.02283e-08
0.703125 0.671875 0.84375 3.28831e-09 2.36524e-07
0.734375 0.640625 0.78125 1.39027e-09 2.67742e-08
0.734375 0.671875 0.84375 3.33916e-09 2.32149e-07
0.703125 0.703125 0.90625 1.27566e-09 4.59279e-07
0.703125 0.734375 0.96875 -2.97702e-09 6.70819e-07
0.734375 0.703125 0.90625 1.3296e-09 4.5393e-07
0.734375 0.734375 0.96875 -2.97397e-09 6.64601e-07
0.515625 0.765625 0 0 0
0.515625 0.796875 0 0 0
0.546875 0.765625 0 0 0
0.546875 0.796875 0 0 0
0.515625 0.828125 0 0 0
0.515625 0.859375 0 0 0
0.546875 0.828125 0 0 0
0.546875 0.859375 0 0 0
0.578125 0.765625 0 0 0
0.578125 0.796875 0 0 0
0.609375 0.765625 0 0 0
0.609375 0.796875 0 0 0
0.578125 0.828125 0 0 0
0.578125 0.859375 0 0 0
0.609375 0.828125 0 0 0
0.609375 0.859375 0 0 0
0.515625 0.890625 0 0 0
0.515625 0.921875 0 0 0
0.546875 0.890625 0 0 0
0.546875 0.921875 0 0 0
0.515625 0.953125 0 0 0
0.515625 0.984375 0 0 0
0.546875 0.953125 0 0 0
0.546875 0.984375 0 0 0
0.578125 0.890625 0 0 0
0.578125 0.921875 0 0 0
0.609375 0.890625 0 0 0
0.609375 0.921875 0 0 0
0.578125 0.953125 0 0 0
0.578125 0.984375 0 0 0
0.609375 0.953125 0 0 0
0.609375 0.984375 0 0 0
0.640625 0.765625 0 0 0
0.640625 0.796875 0 0 0
0.671875 0.765625 0 0 0
0.671875 0.796875 0 0 0
0.640625 0.828125 0 0 0
0.640625 0.859375 0 0 0
0.671875 0.828125 0 0 0
0.671875 0.859375 0 0 0
0.703125 0.765625 0 0 0
0.703125 0.796875 0 0 0
0.734375 0.765625 0 0 0
0.734375 0.796875 0 0 0
0.703125 0.828125 0 0 0
0.703125 0.859375 0 0 0
0.734375 0.828125 0 0 0
0.734375 0.859375 0 0 0
0.640625 0.890625 0 0 0
0.640625 0.921875 0 0 0
0.671875 0.890625 0 0 0
0.671875 0.921875 0 0 0
0.640625 0.953125 0 0 0
0.640625 0.984375 0 0 0
0.671875 0.953125 0 0 0
0.671875 0.984375 0 0 0
0.703125 0.890625 0 0 0
0.703125 0.921875 0 0 0
0.734375 0.890625 0 0 0
0.734375 0.921875 0 0 0
0.703125 0.953125 0 0 0
0.703125 0.984375 0 0 0
0.734375 0.953125 0 0 0
0.734375 0.984375 0 0 0
0.765625 0.515625 0.53125 -1.24066e-10 -3.86451e-07
0.765625 0.546875 0.59375 -4.14068e-10 -3.30753e-07
0.796875 0.515625 0.53125 -7.65874e-11 -3.87338e-07
0.796875 0.546875 0.59375 -3.4609e-10 -3.31922e-07
0.765625 0.578125 0.65625 -7.88007e-10 -2.51527e-07
0.765625 0.609375 0.71875 -4.48172e-10 -1.37508e-07
0.796875 0.578125 0.65625 -7.02369e-10 -2.53219e-07
0.796875 0.609375 0.71875 -3.6323e-10 -1.40145e-07
0.828125 0.515625 0.53125 -6.62184e-11 -3.87582e-07
0.828125 0.546875 0.59375 -3.24956e-10 -3.3236e-07
0.859375 0.515625 0.53125 -1.13675e-10 -3.87067e-07
0.859375 0.546875 0.59375 -3.88907e-10 -3.31957e-07
0.828125 0.578125 0.65625 -6.79991e-10 -2.54213e-07
0.828125 0.609375 0.71875 -3.61082e-10 -1.42277e-07
0.859375 0.578125 0.65625 -7.74613e-10 -2.54355e-07
0.859375 0.609375 0.71875 -4.93347e-10 -1.43575e-07
0.765625 0.640625 0.78125 1.47876e-09 2.28915e-08
0.765625 0.671875 0.84375 3.40635e-09 2.26953e-07
0.796875 0.640625 0.78125 1.53688e-09 1.88206e-08
0.796875 0.671875 0.84375 3.39841e-09 2.21141e-07
0.765625 0.703125 0.90625 1.33386e-09 4.47419e-07
0.765625 0.734375 0.96875 -2.92516e-09 6.56922e-07
0.796875 0.703125 0.90625 1.35572e-09 4.39977e-07
0.796875 0.734375 0.96875 -2.93487e-09 6.48209e-07
0.828125 0.640625 0.78125 1.49457e-09 1.4933e-08
0.828125 0.671875 0.84375 3.35993e-09 2.15234e-07
0.859375 0.640625 0.78125 1.35929e-09 1.19355e-08
0.859375 0.671875 0.84375 3.23727e-09 2.10354e-07
0.828125 0.703125 0.90625 1.29321e-09 4.32348e-07
0.828125 0.734375 0.96875 -2.90612e-09 6.39265e-07
0.859375 0.703125 0.90625 1.25853e-09 4.25789e-07
0.859375 0.734375 0.96875 -2.84437e-09 6.314e-07
0.890625 0.515625 0.53125 -2.3261e-10 -3.85916e-07
0.890625 0.546875 0.59375 -5.58614e-10 -3.30868e-07
0.921875 0.515625 0.53125 -3.99565e-10 -3.84507e-07
0.921875 0.546875 0.59375 -7.87317e-10 -3.29456e-07
0.890625 0.578125 0.65625 -1.00041e-09 -2.53676e-07
0.890625 0.609375 0.71875 -7.40612e-10 -1.43625e-07
0.921875 0.578125 0.65625 -1.27836e-09 -2.52299e-07
0.921875 0.609375 0.71875 -1.00761e-09 -1.42003e-07
0.953125 0.515625 0.53125 -5.48796e-10 -3.83328e-07
0.953125 0.546875 0.59375 -9.87436e-10 -3.28092e-07
0.984375 0.515625 0.53125 -6.50447e-10 -3.82759e-07
0.984375 0.546875 0.59375 -1.10476e-09 -3.27018e-07
0.953125 0.578125 0.65625 -1.49388e-09 -2.50405e-07
0.953125 0.609375 0.71875 -1.21927e-09 -1.3883e-07
0.984375 0.578125 0.65625 -1.59633e-09 -2.48291e-07
0.984375 0.609375 0.71875 -1.32295e-09 -1.35135e-07
0.890625 0.640625 0.78125 1.15587e-09 1.09711e-08
0.890625 0.671875 0.84375 3.1074e-09 2.08289e-07
0.921875 0.640625 0.78125 9.20494e-10 1.31939e-08
0.921875 0.671875 0.84375 2.98845e-09 2.10836e-07
0.890625 0.703125 0.90625 1.29005e-09 4.22284e-07
0.890625 0.734375 0.96875 -2.86612e-09 6.2577e-07
0.921875 0.703125 0.90625 1.16247e-09 4.23602e-07
0.921875 0.734375 0.96875 -3.2822e-09 6.23707e-07
0.953125 0.640625 0.78125 7.21955e-10 1.84392e-08
0.953125 0.671875 0.84375 2.66996e-09 2.17875e-07
0.984375 0.640625 0.78125 4.49943e-10 2.43463e-08
0.984375 0.671875 0.84375 1.62317e-09 2.26452e-07
0.953125 0.703125 0.90625 1.53405e-10 4.30117e-07
0.953125 0.734375 0.96875 -3.47332e-09 6.28483e-07
0.984375 0.703125 0.90625 -1.0004e-09 4.4186e-07
0.984375 0.734375 0.96875 -3.65993e-09 6.4421e-07
0.765625 0.765625 0 0 0
0.765625 0.796875 0 0 0
0.796875 0.765625 0 0 0
0.796875 0.796875 0 0 0
0.765625 0.828125 0 0 0
0.765625 0.859375 0 0 0
0.796875 0.828125 0 0 0
0.796875 0.859375 0 0 0
0.828125 0.765625 0 0 0
0.828125 0.796875 0 0 0
0.859375 0.765625 0 0 0
0.859375 0.796875 0 0 0
0.828125 0.828125 0 0 0
0.828125 0.859375 0 0 0
0.859375 0.828125 0 0 0
0.859375 0.859375 0 0 0
0.765625 0.890625 0 0 0
0.765625 0.921875 0 0 0
0.796875 0.890625 0 0 0
0.796875 0.921875 0 0 0
0.765625 0.953125 0 0 0
0.765625 0.984375 0 0 0
0.796875 0.953125 0 0 0
0.796875 0.984375 0 0 0
0.828125 0.890625 0 0 0
0.828125 0.921875 0 0 0
0.859375 0.890625 0 0 0
0.859375 0.921875 0 0 0
0.828125 0.953125 0 0 0
0.828125 0.984375 0 0 0
0.859375 0.953125 0 0 0
0.859375 0.984375 0 0 0
0.890625 0.765625 0 0 0
0.890625 0.796875 0 0 0
0.921875 0.765625 0 0 0
0.921875 0.796875 0 0 0
0.890625 0.828125 0 0 0
0.890625 0.859375 0 0 0
0.921875 0.828125 0 0 0
0.921875 0.859375 0 0 0
0.953125 0.765625 0 0 0
0.953125 0.796875 0 0 0
0.984375 0.765625 0 0 0
0.984375 0.796875 0 0 0
0.953125 0.828125 0 0 0
0.953125 0.859375 0 0 0
0.984375 0.828125 0 0 0
0.984375 0.859375 0 0 0
0.890625 0.890625 0 0 0
0.890625 0.921875 0 0 0
0.921875 0.890625 0 0 0
0.921875 0.921875 0 0 0
0.890625 0.953125 0 0 0
0.890625 0.984375 0 0 0
0.921875 0.953125 0 0 0
0.921875 0.984375 0 0 0
0.953125 0.890625 0 0 0
0.953125 0.921875 0 0 0
0.984375 0.890625 0 0 0
0.984375 0.921875 0 0 0
0.953125 0.953125 0 0 0
0.953125 0.984375 0 0 0
0.984375 0.953125 0 0 0
0.984375 0.984375 0 0 0
