0 0
1 0.284091
2 0.285496
3 0.286812
4 0.288132
5 0.289461
6 0.290802
7 0.292158
8 0.29353
9 0.29492
10 0.29632
11 0.297732
12 0.299153
13 0.300585
14 0.302026
15 0.303475
16 0.304932
17 0.306398
18 0.307529
19 0.308699
20 0.309912
21 0.311146
22 0.312416
23 0.313722
24 0.31505
25 0.316409
26 0.317786
27 0.31918
28 0.320597
29 0.322016
30 0.323456
31 0.324914
32 0.326379
33 0.327857
34 0.329344
35 0.330849
36 0.332354
37 0.333877
38 0.335401
39 0.336498
40 0.337644
41 0.338826
42 0.340042
43 0.341299
44 0.342569
45 0.343874
46 0.345183
47 0.346522
48 0.347889
49 0.349269
50 0.350662
51 0.352081
52 0.353434
53 0.354815
54 0.356214
55 0.357628
56 0.359055
57 0.360502
58 0.361893
59 0.363304
60 0.364741
61 0.366122
62 0.36751
63 0.368925
64 0.37035
65 0.371788
66 0.373232
67 0.374335
68 0.375485
69 0.376672
70 0.377893
71 0.379145
72 0.380425
73 0.381739
74 0.383064
75 0.384418
76 0.385791
77 0.387178
78 0.388587
79 0.390006
80 0.391444
81 0.392904
82 0.394381
83 0.395734
84 0.397098
85 0.398487
86 0.399897
87 0.401292
88 0.402709
89 0.404147
90 0.405592
91 0.407051
92 0.408529
93 0.409949
94 0.411386
95 0.412838
96 0.414294
97 0.415767
98 0.417244
99 0.418727
100 0.420222
101 0.42173
102 0.423239
103 0.424379
104 0.425564
105 0.426783
106 0.428036
107 0.429316
108 0.430622
109 0.431933
110 0.43327
111 0.434608
112 0.435973
113 0.437359
114 0.438758
115 0.440169
116 0.441597
117 0.442968
118 0.444352
119 0.445749
120 0.447166
121 0.4486
122 0.450041
123 0.451499
124 0.452863
125 0.454253
126 0.455662
127 0.457082
128 0.45852
129 0.459977
130 0.461394
131 0.462815
132 0.464254
133 0.465707
134 0.467107
135 0.468526
136 0.46996
137 0.4714
138 0.47286
139 0.474335
140 0.475811
141 0.476914
142 0.478067
143 0.479265
144 0.48049
145 0.481749
146 0.483034
147 0.484349
148 0.485684
149 0.487037
150 0.48841
151 0.489636
152 0.490898
153 0.492164
154 0.493458
155 0.494763
156 0.496079
157 0.497412
158 0.498772
159 0.500159
160 0.501514
161 0.502893
162 0.504293
163 0.50572
164 0.507097
165 0.508487
166 0.509898
167 0.511326
168 0.512723
169 0.514119
170 0.515524
171 0.516939
172 0.518375
173 0.519729
174 0.521105
175 0.522443
176 0.523806
177 0.525199
178 0.526602
179 0.528018
180 0.529451
181 0.530905
182 0.532361
183 0.533829
184 0.535308
185 0.536791
186 0.538292
187 0.539673
188 0.54108
189 0.542491
190 0.543926
191 0.54537
192 0.546675
193 0.548008
194 0.549372
195 0.550751
196 0.552147
197 0.553511
198 0.5549
199 0.556311
200 0.557645
201 0.559006
202 0.56039
203 0.561786
204 0.563196
205 0.564623
206 0.566035
207 0.567467
208 0.56891
209 0.570373
210 0.571847
211 0.573204
212 0.574578
213 0.575974
214 0.577394
215 0.578824
216 0.580272
217 0.581734
218 0.58288
219 0.58407
220 0.585306
221 0.58655
222 0.587833
223 0.589149
224 0.590483
225 0.591835
226 0.593216
227 0.594598
228 0.595999
229 0.597426
230 0.59886
231 0.600303
232 0.601764
233 0.603164
234 0.604583
235 0.606023
236 0.607484
237 0.608853
238 0.610248
239 0.611663
240 0.613086
241 0.614518
242 0.615972
243 0.617376
244 0.618798
245 0.620225
246 0.621673
247 0.623138
248 0.624606
249 0.626094
250 0.627587
251 0.628687
252 0.629836
253 0.631021
254 0.63225
255 0.633516
256 0.634796
257 0.636098
258 0.63743
259 0.63879
260 0.640151
261 0.641523
262 0.642913
263 0.644326
264 0.645748
265 0.647181
266 0.64863
267 0.650037
268 0.65146
269 0.652906
270 0.654358
271 0.655829
272 0.657316
273 0.658518
274 0.659746
275 0.661009
276 0.662306
277 0.663609
278 0.66493
279 0.666276
280 0.667654
281 0.66902
282 0.670397
283 0.671803
284 0.673215
285 0.674643
286 0.676084
287 0.67749
288 0.678902
289 0.680334
290 0.681787
291 0.683245
292 0.684714
293 0.686195
294 0.687679
295 0.688843
296 0.690053
297 0.691291
298 0.692564
299 0.693871
300 0.695197
301 0.696552
302 0.697923
303 0.699067
304 0.700254
305 0.701475
306 0.702726
307 0.704012
308 0.705306
309 0.706619
310 0.707961
311 0.709295
312 0.710647
313 0.712024
314 0.713422
315 0.714831
316 0.716251
317 0.717691
318 0.719062
319 0.720453
320 0.721865
321 0.723284
322 0.724585
323 0.725915
324 0.727252
325 0.728604
326 0.729969
327 0.731361
328 0.732747
329 0.734152
330 0.735578
331 0.73701
332 0.738456
333 0.739922
334 0.741268
335 0.742638
336 0.744029
337 0.745432
338 0.746847
339 0.748278
340 0.749717
341 0.751171
342 0.752643
343 0.754118
344 0.755595
345 0.757077
346 0.758568
347 0.760076
348 0.761259
349 0.762483
350 0.763715
351 0.764986
352 0.766264
353 0.767574
354 0.768918
355 0.770278
356 0.771653
357 0.773053
358 0.774408
359 0.775782
360 0.777181
361 0.778592
362 0.780022
363 0.781467
364 0.782927
365 0.784031
366 0.785183
367 0.786376
368 0.787601
369 0.788867
370 0.790168
371 0.791404
372 0.792663
373 0.793948
374 0.795258
375 0.79659
376 0.797725
377 0.798904
378 0.800115
379 0.801365
380 0.802653
381 0.803949
382 0.805267
383 0.806612
384 0.807979
385 0.809362
386 0.810764
387 0.81215
388 0.81356
389 0.814864
390 0.816196
391 0.817553
392 0.818914
393 0.820289
394 0.821679
395 0.823081
396 0.824501
397 0.825873
398 0.82727
399 0.828686
400 0.830112
401 0.831233
402 0.832393
403 0.833591
404 0.834822
405 0.836089
406 0.837369
407 0.838678
408 0.839993
409 0.841339
410 0.842712
411 0.84411
412 0.845519
413 0.846944
414 0.848385
415 0.849845
416 0.851311
417 0.852793
418 0.854285
419 0.855779
420 0.856925
421 0.858116
422 0.859344
423 0.860603
424 0.861896
425 0.863218
426 0.86456
427 0.865931
428 0.867326
429 0.868583
430 0.869864
431 0.871167
432 0.872499
433 0.873837
434 0.875201
435 0.87659
436 0.877991
437 0.879405
438 0.880836
439 0.882276
440 0.883737
441 0.885203
442 0.886584
443 0.887989
444 0.889413
445 0.890844
446 0.89228
447 0.893723
448 0.895182
449 0.896652
450 0.898126
451 0.899615
452 0.900961
453 0.902334
454 0.90373
455 0.905143
456 0.906567
457 0.908012
458 0.909373
459 0.91074
460 0.912131
461 0.913533
462 0.914948
463 0.916373
464 0.917817
465 0.919276
466 0.920744
467 0.921905
468 0.923109
469 0.924353
470 0.925623
471 0.926928
472 0.928099
473 0.929309
474 0.930552
475 0.931823
476 0.933118
477 0.934447
478 0.935796
479 0.937172
480 0.938291
481 0.939459
482 0.940656
483 0.941882
484 0.943135
485 0.944425
486 0.945739
487 0.947084
488 0.948457
489 0.949832
490 0.951217
491 0.952626
492 0.954058
493 0.955399
494 0.956754
495 0.958123
496 0.959507
497 0.960912
498 0.962289
499 0.963691
500 0.965032
501 0.966403
502 0.967796
503 0.969202
504 0.970633
505 0.972004
506 0.973398
507 0.974819
508 0.97624
509 0.977668
510 0.979114
511 0.980576
512 0.98192
513 0.983283
514 0.984669
515 0.986067
516 0.987487
517 0.988868
518 0.990272
519 0.991696
520 0.993128
521 0.994567
522 0.99602
523 0.997391
524 0.998782
525 1.00019
526 1.00161
527 1.00305
528 1.0045
529 1.00587
530 1.00727
531 1.00868
532 1.01011
533 1.01154
534 1.01299
535 1.01446
536 1.01577
537 1.01711
538 1.01848
539 1.01986
540 1.02127
541 1.02265
542 1.02404
543 1.02546
544 1.02688
545 1.02832
546 1.02978
547 1.03116
548 1.03255
549 1.03395
550 1.03538
551 1.03677
552 1.03817
553 1.0396
554 1.04104
555 1.04243
556 1.04383
557 1.04525
558 1.04669
559 1.04814
560 1.04959
561 1.05106
562 1.05254
563 1.05365
564 1.05481
565 1.056
566 1.05723
567 1.05849
568 1.05977
569 1.06106
570 1.06239
571 1.06374
572 1.06512
573 1.06652
574 1.06794
575 1.0693
576 1.07069
577 1.0721
578 1.07348
579 1.07487
580 1.07628
581 1.0777
582 1.07915
583 1.08051
584 1.0819
585 1.08327
586 1.08467
587 1.08608
588 1.0875
589 1.08895
590 1.0904
591 1.09186
592 1.09334
593 1.09449
594 1.09569
595 1.09692
596 1.09817
597 1.09945
598 1.10076
599 1.10209
600 1.10344
601 1.10482
602 1.10622
603 1.10764
604 1.10902
605 1.11041
606 1.11183
607 1.1132
608 1.11458
609 1.11598
610 1.11739
611 1.11877
612 1.12017
613 1.12159
614 1.12302
615 1.12447
616 1.12594
617 1.12742
618 1.12877
619 1.13012
620 1.1315
621 1.13289
622 1.13421
623 1.13555
624 1.13691
625 1.1383
626 1.13971
627 1.14113
628 1.14252
629 1.14394
630 1.14537
631 1.14681
632 1.14826
633 1.14938
634 1.15055
635 1.15177
636 1.15301
637 1.15428
638 1.15559
639 1.1569
640 1.15824
641 1.15958
642 1.16095
643 1.16234
644 1.16375
645 1.16517
646 1.16628
647 1.16743
648 1.16862
649 1.16985
650 1.17111
651 1.1724
652 1.17372
653 1.17505
654 1.1764
655 1.17778
656 1.17917
657 1.18059
658 1.18202
659 1.18348
660 1.18481
661 1.18616
662 1.18752
663 1.18881
664 1.19013
665 1.19148
666 1.19285
667 1.19423
668 1.19564
669 1.19682
670 1.19805
671 1.19931
672 1.20059
673 1.20189
674 1.20323
675 1.20457
676 1.20593
677 1.20731
678 1.20872
679 1.2101
680 1.21149
681 1.2129
682 1.21434
683 1.21568
684 1.21703
685 1.21841
686 1.21981
687 1.22121
688 1.22264
689 1.22401
690 1.22539
691 1.2268
692 1.22823
693 1.22953
694 1.23087
695 1.23223
696 1.23362
697 1.23502
698 1.23644
699 1.23788
700 1.23906
701 1.24029
702 1.24154
703 1.24281
704 1.24412
705 1.24545
706 1.24678
707 1.24814
708 1.24952
709 1.25093
710 1.2523
711 1.25369
712 1.25509
713 1.25651
714 1.25762
715 1.25879
716 1.25998
717 1.26122
718 1.26247
719 1.26376
720 1.26509
721 1.26642
722 1.26777
723 1.26913
724 1.27051
725 1.2719
726 1.27329
727 1.2747
728 1.27612
729 1.27756
730 1.279
731 1.28045
732 1.28181
733 1.28319
734 1.2846
735 1.28601
736 1.28745
737 1.28891
738 1.2903
739 1.29172
740 1.29315
741 1.29459
742 1.29604
743 1.29715
744 1.2983
745 1.29949
746 1.30072
747 1.30197
748 1.30325
749 1.30456
750 1.30589
751 1.30725
752 1.30861
753 1.31
754 1.31141
755 1.31283
756 1.31418
757 1.31555
758 1.31695
759 1.31837
760 1.31974
761 1.32112
762 1.32253
763 1.32395
764 1.32539
765 1.32655
766 1.32774
767 1.32897
768 1.33023
769 1.33152
770 1.33284
771 1.33408
772 1.33535
773 1.33664
774 1.33797
775 1.33932
776 1.3407
777 1.34207
778 1.34345
779 1.34486
780 1.34627
781 1.34739
782 1.34855
783 1.34975
784 1.35098
785 1.35225
786 1.35353
787 1.35484
788 1.35619
789 1.35754
790 1.35891
791 1.36031
792 1.36172
793 1.36314
794 1.36458
795 1.36596
796 1.36737
797 1.3688
798 1.37024
799 1.37169
800 1.37316
801 1.37435
802 1.37558
803 1.37684
804 1.37813
805 1.37946
806 1.38081
807 1.38219
808 1.38356
809 1.38495
810 1.38636
811 1.38768
812 1.38903
813 1.3904
814 1.3918
815 1.39321
816 1.39463
817 1.39607
818 1.39751
819 1.39898
820 1.40044
821 1.40193
822 1.40327
823 1.40463
824 1.40603
825 1.40743
826 1.40886
827 1.4103
828 1.41175
829 1.41323
830 1.41458
831 1.41596
832 1.41736
833 1.41877
834 1.4199
835 1.42107
836 1.42228
837 1.42351
838 1.42478
839 1.42608
840 1.42739
841 1.42874
842 1.4301
843 1.43149
844 1.43289
845 1.43432
846 1.43576
847 1.43722
848 1.43869
849 1.44016
850 1.44132
851 1.44253
852 1.44376
853 1.44502
854 1.44631
855 1.44764
856 1.44897
857 1.45033
858 1.45171
859 1.45307
860 1.45445
861 1.45585
862 1.45726
863 1.45868
864 1.46012
865 1.46157
866 1.46293
867 1.46431
868 1.46572
869 1.46715
870 1.46851
871 1.46988
872 1.47128
873 1.47269
874 1.474
875 1.47533
876 1.4767
877 1.47806
878 1.47944
879 1.48084
880 1.48227
881 1.4837
882 1.48514
883 1.4866
884 1.48798
885 1.48937
886 1.49079
887 1.49223
888 1.49361
889 1.495
890 1.4964
891 1.49781
892 1.49924
893 1.50061
894 1.50199
895 1.50341
896 1.50483
897 1.50627
898 1.50772
899 1.50888
900 1.51009
901 1.51132
902 1.51259
903 1.5139
904 1.51514
905 1.51641
906 1.5177
907 1.51901
908 1.52034
909 1.5217
910 1.52309
911 1.52448
912 1.5259
913 1.52729
914 1.5287
915 1.53014
916 1.53145
917 1.53279
918 1.53414
919 1.53552
920 1.53693
921 1.53829
922 1.53967
923 1.54106
924 1.54246
925 1.54389
926 1.54529
927 1.54671
928 1.54815
929 1.54961
930 1.55109
931 1.5524
932 1.55374
933 1.5551
934 1.55648
935 1.55788
936 1.5593
937 1.56066
938 1.56206
939 1.56347
940 1.56489
941 1.56633
942 1.56779
943 1.56897
944 1.5702
945 1.57147
946 1.57276
947 1.57408
948 1.57543
949 1.57678
950 1.57816
951 1.5795
952 1.58087
953 1.58226
954 1.58365
955 1.58508
956 1.58651
957 1.58763
958 1.5888
959 1.59001
960 1.59125
961 1.59251
962 1.5938
963 1.59512
964 1.59632
965 1.59754
966 1.5988
967 1.60009
968 1.60141
969 1.60261
970 1.60386
971 1.60513
972 1.60644
973 1.60777
974 1.60912
975 1.61048
976 1.61186
977 1.61327
978 1.61467
979 1.61609
980 1.61752
981 1.61896
982 1.62042
983 1.62189
984 1.62324
985 1.62463
986 1.62604
987 1.62741
988 1.62879
989 1.63019
990 1.63162
991 1.63305
992 1.63451
993 1.63598
994 1.63735
995 1.63873
996 1.64013
997 1.64155
998 1.64298
999 1.64411
1000 1.64528
1001 1.64649
1002 1.64773
1003 1.649
1004 1.65029
1005 1.6516
1006 1.65294
1007 1.6543
1008 1.65568
1009 1.65708
1010 1.65849
1011 1.65988
1012 1.66129
1013 1.66272
1014 1.66416
dump~: Too many open files
