0 0.1 0.197588 
 0.0175756 0.1 0.194279 
 0.0350423 0.1 0.187874 
 0.0521476 0.1 0.179105 
 0.0691083 0.1 0.16905 
 0.0859098 0.1 0.158702 
 0.102613 0.1 0.148693 
 0.119506 0.1 0.139106 
 0.13639 0.1 0.131163 
 0.15347 0.1 0.127692 
 0.170777 0.1 0.125724 
 0.188238 0.1 0.124815 
 0.205886 0.1 0.123378 
 0.223704 0.0979985 0.122534 
 0.241718 0.093684 0.122145 
 0.259896 0.0899704 0.121402 
 0.278258 0.0868089 0.120737 
 0.296762 0.0841677 0.12047 
 0.315433 0.0820122 0.119877 
 0.33423 0.0803321 0.119388 
 0.353176 0.0791319 0.119103 
 0.372236 0.0783907 0.118609 
 0.391428 0.0780416 0.118206 
 0.41073 0.0780667 0.117953 
 0.430148 0.0784082 0.117507 
 0.449669 0.0790374 0.117142 
 0.469287 0.0799758 0.116907 
 0.489009 0.081176 0.116555 
 0.50881 0.0825428 0.116223 
 0.528712 0.0840259 0.115989 
 0.548683 0.0852926 0.115684 
 0.568755 0.0863162 0.115379 
 0.588887 0.0870086 0.115149 
 0.609114 0.0876939 0.114928 
 0.629395 0.0881804 0.114607 
 0.649762 0.088732 0.114414 
 0.670189 0.0891645 0.114223 
 0.69069 0.0895288 0.113885 
 0.711251 0.0899025 0.113782 
 0.731878 0.0902406 0.113565 
 0.752568 0.0905549 0.113231 
 0.773311 0.0908054 0.113133 
 0.794115 0.0911007 0.112941 
 0.814967 0.0913279 0.112651 
 0.83588 0.0915291 0.112589 
 0.856836 0.091763 0.112366 
 0.877853 0.0919473 0.112116 
 0.898907 0.0921384 0.112071 
 0.92002 0.0923021 0.111857 
 0.941169 0.0924915 0.111624 
 0.962372 0.0926389 0.111594 
 0.983611 0.0927702 0.111388 
 1.0049 0.0929275 0.11117 
 1.02622 0.0930595 0.111148 
 1.04759 0.0931881 0.11095 
 1.069 0.0933031 0.110747 
 1.09044 0.0934326 0.110738 
 1.11193 0.0935444 0.110545 
 1.13344 0.0936416 0.110665 
 1.155 0.093759 0.113192 
 1.17657 0.0938506 0.115185 
 1.19819 0.0939429 0.116713 
 1.21985 0.094036 0.117789 
 1.24157 0.0941271 0.118397 
 1.26332 0.0942158 0.118601 
 1.28511 0.0942918 0.118538 
 1.30686 0.0943839 0.118438 
 1.32849 0.0944452 0.118352 
 1.35 0.0945162 0.118273 
 1.37143 0.0945919 0.118204 
 1.39277 0.094658 0.118119 
 1.41403 0.0947283 0.118005 
 1.43524 0.0947106 0.117901 
 1.45639 0.0947341 0.117782 
 1.47749 0.0948009 0.117685 
 1.49856 0.0948423 0.117581 
 1.51959 0.0948498 0.117471 
 1.54059 0.0948611 0.117387 
 1.56156 0.094895 0.117275 
 1.5825 0.0949463 0.117129 
 1.60343 0.0950112 0.116968 
 1.62435 0.0950342 0.116863 
 1.64524 0.095046 0.116786 
 1.66613 0.0950814 0.116627 
 1.68702 0.0951408 0.116477 
 1.7079 0.0950528 0.11637 
 1.72877 0.0949576 0.115989 
 1.74961 0.094985 0.118037 
 1.77045 0.0950663 0.123497 
 1.79127 0.0946061 0.127838 
 1.81217 0.0941023 0.130816 
 1.83326 0.0936604 0.132442 
 1.85446 0.0932801 0.132875 
 1.8758 0.0929571 0.132332 
 1.89716 0.0926888 0.131106 
 1.9185 0.0924715 0.129399 
 1.93975 0.0923038 0.127411 
 1.96093 0.0921853 0.125268 
 1.98207 0.0921219 0.123065 
 2.00314 0.0921218 0.120839 
 2.02423 0.0921569 0.118902 
 2.04524 0.0921918 0.117256 
 2.06627 0.0922298 0.115694 
 2.08724 0.0922556 0.114195 
 2.10821 0.0922932 0.112909 
 2.12919 0.0922833 0.112879 
 2.15013 0.0920262 0.112736 
 2.17111 0.0918736 0.112659 
 2.19205 0.0917945 0.112584 
 2.21303 0.0918655 0.112456 
 2.23401 0.092078 0.112399 
 2.25502 0.0924823 0.112257 
 2.27604 0.0929749 0.112191 
 2.29709 0.0936932 0.112103 
 2.31816 0.0943583 0.112018 
 2.33924 0.0950403 0.111931 
 2.36033 0.0954359 0.11176 
 2.38142 0.0951466 0.111724 
 2.4025 0.0941764 0.111659 
 2.4236 0.0932642 0.111525 
 2.44469 0.0924166 0.111429 
 2.46581 0.0916354 0.111434 
 2.48693 0.0909211 0.111377 
 2.50808 0.0902702 0.111205 
 2.52924 0.089679 0.111118 
 2.55042 0.0891429 0.11108 
 2.57162 0.0886594 0.110896 
 2.59283 0.0882274 0.112047 
 2.61406 0.0878497 0.114776 
 2.63531 0.0875346 0.117051 
 2.65657 0.0873035 0.118874 
 2.67784 0.0871877 0.12024 
 2.69913 0.0871984 0.121197 
 2.72044 0.0873052 0.121829 
 2.74176 0.0875542 0.12215 
 2.76309 0.0879793 0.12215 
 2.78445 0.0885727 0.12193 
 2.80581 0.0892852 0.12144 
 2.82719 0.0900757 0.12062 
 2.84858 0.0909031 0.119541 
 2.86999 0.0914857 0.118268 
 2.89142 0.091808 0.116867 
 2.91285 0.0920304 0.115413 
 2.93428 0.0922489 0.113958 
 2.95571 0.0923897 0.112575 
 2.97716 0.0925572 0.115111 
 2.99861 0.0926662 0.11783 
 3.02013 0.0927855 0.119827 
 3.04176 0.0928987 0.121111 
 3.0636 0.092989 0.12173 
 3.08577 0.0931068 0.121766 
 3.10808 0.0931747 0.121341 
 3.13038 0.0932724 0.12056 
 3.15265 0.0933438 0.119618 
 3.17477 0.0934133 0.118552 
 3.19687 0.0934825 0.117358 
 3.21883 0.0935359 0.116122 
 3.24077 0.0936137 0.114852 
 3.26261 0.0936912 0.113593 
 3.28445 0.0938008 0.112453 
 3.30619 0.0938872 0.111459 
 3.32794 0.0936464 0.111193 
 3.34958 0.0933702 0.111095 
 3.37122 0.0932972 0.110839 
 3.39278 0.0931375 0.110599 
 3.41435 0.0926606 0.110292 
 3.43583 0.0922421 0.110192 
 3.45733 0.0918638 0.110063 
 3.47875 0.0915125 0.109709 
 3.50018 0.0911776 0.109184 
 3.52162 0.0908516 0.108587 
 3.54306 0.090533 0.107941 
 3.56451 0.0902233 0.10772 
 3.58599 0.0899257 0.107634 
 3.60747 0.0896143 0.107576 
 3.62899 0.0893017 0.10746 
 3.65054 0.088961 0.107302 
 3.67213 0.0886615 0.107102 
 3.69375 0.0885542 0.107144 
 3.71542 0.088581 0.107363 
 3.73711 0.088719 0.10756 
 3.75885 0.0890742 0.107597 
 3.78061 0.0898242 0.107729 
 3.8024 0.0914466 0.108232 
 3.82421 0.0919549 0.108861 
 3.84605 0.0914004 0.10925 
 3.86791 0.0909416 0.109537 
 3.88974 0.0905978 0.109891 
 3.91156 0.0903426 0.111257 
 3.93334 0.0901789 0.114151 
 3.9551 0.0901413 0.115998 
 3.97683 0.0902931 0.117012 
 3.99854 0.0906768 0.117289 
 4.02022 0.0913004 0.117043 
 4.04189 0.0921219 0.11649 
 4.06355 0.0931297 0.115695 
 4.08519 0.0942939 0.114922 
 4.10682 0.0951149 0.114128 
 4.12842 0.0948243 0.113296 
 4.14998 0.0945678 0.113654 
 4.17151 0.0941902 0.113895 
 4.19302 0.093696 0.114264 
 4.21452 0.0932834 0.114378 
 4.23599 0.0928025 0.114403 
 4.25744 0.0924554 0.114545 
 4.2788 0.0920561 0.114511 
 4.29998 0.091809 0.115428 
 4.32101 0.0915523 0.11727 
 4.34188 0.0914646 0.122546 
 4.36261 0.09136 0.128165 
 4.38325 0.091399 0.132192 
 4.40388 0.0915233 0.134797 
 4.4246 0.0917131 0.136219 
 4.44554 0.0920737 0.136537 
 4.46661 0.0926134 0.135975 
 4.48768 0.0932101 0.134805 
 4.50874 0.0939292 0.133341 
 4.52972 0.0948485 0.131736 
 4.55073 0.0960291 0.129913 
 4.57165 0.0964477 0.127994 
 4.59262 0.0963871 0.125992 
 4.61356 0.0961871 0.123922 
 4.63454 0.0961036 0.122028 
 4.65552 0.0957011 0.120399 
 4.67655 0.0951968 0.118936 
 4.69758 0.0947035 0.117546 
 4.71866 0.0942187 0.116212 
 4.73975 0.093742 0.114967 
 4.76089 0.0932717 0.113728 
 4.78203 0.0928095 0.112583 
 4.80322 0.0923566 0.111432 
 4.82441 0.0919185 0.110419 
 4.84565 0.0915015 0.109435 
 4.86692 0.0911153 0.108577 
 4.88823 0.0907714 0.107907 
 4.90961 0.0904825 0.10749 
 4.93105 0.0902612 0.107164 
 4.95254 0.0901289 0.106791 
 4.97408 0.090098 0.106448 
 4.9957 0.0901438 0.106294 
 5.01738 0.0902687 0.106202 
 5.03914 0.0905133 0.10593 
 5.06097 0.0908843 0.105729 
 5.08288 0.0913628 0.105883 
 5.10484 0.0919185 0.106726 
 5.12689 0.0925245 0.10786 
 5.14898 0.0929808 0.108827 
 5.17113 0.092827 0.109501 
 5.19334 0.0920368 0.109867 
 5.2156 0.0912814 0.110019 
 5.2379 0.0905687 0.109957 
 5.26024 0.0899049 0.109952 
 5.28261 0.089294 0.109881 
 5.30502 0.0887381 0.109765 
 5.32747 0.0882384 0.109635 
 5.34999 0.0877949 0.109711 
 5.37259 0.0874085 0.110835 
 5.39517 0.087082 0.111574 
 5.41774 0.0868173 0.111953 
 5.44031 0.0866167 0.112026 
 5.46287 0.0864889 0.111844 
 5.48542 0.0864372 0.111484 
 5.50795 0.0864571 0.111002 
 5.53048 0.0865413 0.110614 
 5.55301 0.086733 0.110076 
 5.57553 0.0870663 0.109421 
 5.59806 0.0875539 0.108762 
 5.62059 0.0881764 0.108113 
 5.64312 0.0889093 0.107364 
 5.66564 0.0893152 0.107853 
 5.68819 0.0893046 0.109392 
 5.71074 0.0892916 0.110608 
 5.7333 0.089452 0.11151 
 5.75587 0.0898139 0.112128 
 5.77845 0.0902683 0.112474 
 5.80102 0.0909935 0.112562 
 5.82351 0.0918388 0.112411 
 5.84593 0.0922677 0.112109 
 5.86831 0.0921447 0.111582 
 5.89068 0.0920741 0.111677 
 5.91306 0.0921543 0.11197 
 5.93543 0.0924614 0.11211 
 5.95781 0.0932406 0.112099 
 5.98016 0.0936835 0.111993 
 6.00248 0.0941942 0.112253 
 6.0248 0.0947242 0.113067 
 6.04713 0.0951499 0.113639 
 6.0695 0.0957542 0.113937 
 6.09191 0.0956039 0.113996 
 6.11438 0.0952972 0.113845 
 6.13693 0.0950651 0.11355 
 6.15952 0.0945536 0.113083 
 6.18204 0.0941056 0.112442 
 6.20455 0.0937 0.112073 
 6.22703 0.0934445 0.113598 
 6.24949 0.0933622 0.115371 
 6.27196 0.0933244 0.116759 
 6.29451 0.0933614 0.117667 
 6.31708 0.0934334 0.118101 
 6.33963 0.093609 0.118129 
 6.36218 0.0938623 0.11785 
 