0 0.1 0.199848 
 0.00436899 0.1 0.199647 
 0.00873646 0.1 0.199227 
 0.0130972 0.1 0.198537 
 0.0174497 0.1 0.197542 
 0.0217923 0.1 0.196259 
 0.0261238 0.1 0.194716 
 0.0304433 0.1 0.192943 
 0.0347496 0.1 0.19097 
 0.0390437 0.1 0.188823 
 0.0433259 0.1 0.186528 
 0.047596 0.1 0.18411 
 0.0518561 0.1 0.181588 
 0.0561053 0.1 0.178985 
 0.0603459 0.1 0.176317 
 0.0645779 0.1 0.173603 
 0.0688031 0.1 0.170859 
 0.0730218 0.1 0.168098 
 0.0772361 0.1 0.165332 
 0.0814458 0.1 0.162573 
 0.085653 0.1 0.15983 
 0.0898576 0.1 0.157111 
 0.0940605 0.1 0.154424 
 0.098263 0.1 0.151774 
 0.102464 0.1 0.149167 
 0.106667 0.1 0.146606 
 0.110871 0.1 0.144095 
 0.115076 0.1 0.141637 
 0.119288 0.1 0.13923 
 0.123503 0.1 0.13688 
 0.127723 0.1 0.134709 
 0.131952 0.1 0.133039 
 0.136185 0.1 0.131711 
 0.140427 0.1 0.130651 
 0.144678 0.1 0.129783 
 0.148938 0.1 0.129017 
 0.153208 0.1 0.128371 
 0.157488 0.1 0.127808 
 0.161777 0.1 0.127319 
 0.166076 0.1 0.126896 
 0.170385 0.1 0.126531 
 0.174705 0.1 0.126193 
 0.179035 0.1 0.125897 
 0.183376 0.1 0.125625 
 0.187728 0.1 0.125385 
 0.19209 0.1 0.125164 
 0.196464 0.1 0.124958 
 0.200848 0.1 0.124765 
 0.205243 0.1 0.124589 
 0.209649 0.1 0.124424 
 0.214065 0.099845 0.124271 
 0.218492 0.0986105 0.124121 
 0.222929 0.0974176 0.123982 
 0.227377 0.0962647 0.123844 
 0.231834 0.0951517 0.123714 
 0.236302 0.0940772 0.123585 
 0.240778 0.093041 0.123462 
 0.245265 0.0920419 0.123337 
 0.24976 0.0910794 0.123221 
 0.254265 0.0901528 0.123102 
 0.25878 0.0892614 0.12299 
 0.263302 0.0884047 0.122876 
 0.267835 0.0875818 0.122764 
 0.272375 0.0867924 0.122656 
 0.276925 0.0860356 0.122543 
 0.281481 0.0853111 0.122442 
 0.286048 0.0846181 0.122326 
 0.290621 0.0839564 0.122229 
 0.295202 0.0833251 0.122114 
 0.299791 0.082724 0.12202 
 0.304388 0.0821527 0.121906 
 0.308992 0.0816107 0.121814 
 0.313604 0.0810978 0.121702 
 0.318223 0.0806138 0.121611 
 0.322849 0.0801583 0.121502 
 0.327482 0.0797312 0.121413 
 0.332122 0.0793323 0.121307 
 0.33677 0.0789613 0.12122 
 0.341423 0.0786183 0.121116 
 0.346083 0.078303 0.12103 
 0.35075 0.0780152 0.12093 
 0.355423 0.0777547 0.120845 
 0.360103 0.0775215 0.120748 
 0.364789 0.0773153 0.120663 
 0.36948 0.0771361 0.120569 
 0.374178 0.0769835 0.120486 
 0.378882 0.0768575 0.120394 
 0.383592 0.076759 0.120312 
 0.388307 0.076689 0.120222 
 0.393028 0.0766468 0.120141 
 0.397754 0.0766305 0.120056 
 0.402487 0.0766386 0.119979 
 0.407224 0.0766616 0.119904 
 0.411968 0.0767053 0.119828 
 0.416716 0.0767765 0.119747 
 0.42147 0.076877 0.119688 
 0.426228 0.077007 0.119613 
 0.430992 0.0771638 0.119526 
 0.435761 0.0773455 0.11948 
 0.440535 0.0775512 0.119404 
 0.445314 0.0777795 0.119313 
 0.450098 0.0780294 0.119273 
 0.454886 0.0782996 0.119198 
 0.45968 0.0785893 0.11911 
 0.464478 0.0788976 0.119071 
 0.469281 0.0792236 0.118995 
 0.474088 0.0795661 0.118915 
 0.4789 0.0799242 0.118875 
 0.483717 0.0802965 0.118797 
 0.488538 0.0806816 0.118725 
 0.493363 0.081078 0.118683 
 0.498194 0.0814841 0.118603 
 0.503028 0.0818982 0.11854 
 0.507867 0.0823186 0.118495 
 0.512709 0.0827437 0.118412 
 0.517557 0.0831404 0.118359 
 0.522408 0.0835036 0.118311 
 0.527263 0.0838388 0.118226 
 0.532123 0.0841492 0.118182 
 0.536987 0.0844385 0.118132 
 0.541854 0.0847112 0.118045 
 0.546726 0.0849659 0.11801 
 0.551602 0.0852059 0.117957 
 0.556481 0.0854332 0.117867 
 0.561365 0.085649 0.11784 
 0.566252 0.0858529 0.117784 
 0.571143 0.0860463 0.117698 
 0.576038 0.0862326 0.117675 
 0.580937 0.0864067 0.117617 
 0.585839 0.0865835 0.117532 
 0.590746 0.0867419 0.117513 
 0.595656 0.0869043 0.117453 
 0.600569 0.0870541 0.117375 
 0.605486 0.0872043 0.117353 
 0.610407 0.0873484 0.11729 
 0.61533 0.0874851 0.117221 
 0.620258 0.0876191 0.117194 
 0.625189 0.0877502 0.11713 
 0.630124 0.0878756 0.117069 
 0.635061 0.0879968 0.11704 
 0.640003 0.0881161 0.116974 
 0.644947 0.0882318 0.116918 
 0.649896 0.0883425 0.116885 
 0.654847 0.0884522 0.116819 
 0.659802 0.0885583 0.11677 
 0.66476 0.0886609 0.116735 
 0.669721 0.0887625 0.116667 
 0.674686 0.0888604 0.116625 
 0.679654 0.0889564 0.116587 
 0.684625 0.0890496 0.11652 
 0.689599 0.0891412 0.116483 
 0.694576 0.0892307 0.116444 
 0.699556 0.089317 0.116374 
 0.70454 0.0894025 0.116343 
 0.709526 0.0894857 0.116301 
 0.714516 0.0895671 0.11623 
 0.719509 0.0896464 0.116204 
 0.724505 0.0897246 0.116158 
 0.729503 0.0898009 0.116087 
 0.734505 0.0898758 0.116066 
 0.73951 0.0899494 0.116017 
 0.744518 0.0900208 0.115953 
 0.749528 0.0900916 0.115934 
 0.754542 0.0901602 0.11588 
 0.759558 0.0902284 0.115819 
 0.764578 0.090295 0.115809 
 0.7696 0.0903604 0.115763 
 0.774625 0.090425 0.115692 
 0.779653 0.0904874 0.115684 
 0.784684 0.0905497 0.115648 
 0.789718 0.0906097 0.115585 
 0.794754 0.0906701 0.115575 
 0.799794 0.0907284 0.115533 
 0.804836 0.0907864 0.115472 
 0.809881 0.090843 0.115459 
 0.814929 0.0908988 0.115408 
 0.819979 0.0909536 0.115364 
 0.825032 0.0910073 0.115329 
 0.830088 0.0910609 0.115271 
 0.835147 0.0911129 0.115237 
 0.840208 0.0911648 0.115196 
 0.845272 0.0912151 0.115133 
 0.850339 0.091265 0.115109 
 0.855408 0.0913137 0.115072 
 0.86048 0.0913621 0.11501 
 0.865555 0.0914096 0.114983 
 0.870632 0.0914565 0.114958 
 0.875713 0.0915028 0.114911 
 0.880795 0.0915478 0.114865 
 0.88588 0.0915925 0.114854 
 0.890969 0.0916365 0.114809 
 0.896059 0.0916793 0.114775 
 0.901152 0.0917229 0.114761 
 0.906248 0.0917645 0.114708 
 0.911346 0.0918066 0.114676 
 0.916447 0.0918472 0.114656 
 0.92155 0.0918882 0.114595 
 0.926655 0.091928 0.114566 
 0.931764 0.0919674 0.114542 
 0.936875 0.0920066 0.114468 
 0.941988 0.0920447 0.114455 
 0.947103 0.0920833 0.114424 
 0.952222 0.0921199 0.114344 
 0.957342 0.0921578 0.114328 
 0.962465 0.0921936 0.114307 
 0.967589 0.0922302 0.114238 
 0.972717 0.0922652 0.114221 
 0.977848 0.0923008 0.114209 
 0.98298 0.0923353 0.114146 
 0.988113 0.0923695 0.114129 
 0.99325 0.0924036 0.114114 
 0.99839 0.0924366 0.114048 
 1.00353 0.0924702 0.114039 
 1.00868 0.0925019 0.114017 
 1.01382 0.0925348 0.113942 
 1.01897 0.0925659 0.113933 
 1.02412 0.0925978 0.113907 
 1.02927 0.0926284 0.113824 
 1.03443 0.0926595 0.113811 
 1.03959 0.0926898 0.113785 
 1.04475 0.0927199 0.113711 
 1.04991 0.0927501 0.113694 
 1.05507 0.0927792 0.11367 
 1.06024 0.092809 0.113609 
 1.06541 0.092837 0.113581 
 1.07058 0.0928663 0.113562 
 1.07575 0.0928938 0.113514 
 1.08093 0.0929222 0.113489 
 1.08611 0.0929495 0.113468 
 1.09129 0.0929773 0.113419 
 1.09647 0.0930043 0.113394 
 1.10166 0.093031 0.113369 
 1.10684 0.093058 0.113324 
 1.11203 0.0930837 0.113286 
 1.11722 0.0931103 0.113271 
 1.12242 0.0931352 0.113226 
 1.12761 0.0931612 0.113186 
 1.13281 0.0931857 0.11317 
 1.13801 0.0932109 0.113124 
 1.14321 0.0932353 0.113084 
 1.14842 0.0932599 0.11307 
 1.15363 0.0932842 0.113025 
 1.15884 0.0933078 0.112987 
 1.16405 0.0933322 0.113415 
 1.16926 0.093355 0.116264 
 1.17448 0.0933788 0.118703 
 1.1797 0.0934012 0.120704 
 1.18493 0.0934249 0.12226 
 1.19015 0.0934474 0.123394 
 1.19538 0.0934705 0.124216 
 1.20062 0.0934931 0.124765 
 1.20586 0.0935155 0.125079 
 1.2111 0.093538 0.125211 
 1.21634 0.093559 0.125225 
 1.22159 0.0935811 0.125163 
 1.22684 0.0936016 0.125051 
 1.2321 0.0936229 0.124975 
 1.23736 0.0936434 0.124939 
 1.24262 0.0936644 0.124904 
 1.24789 0.093685 0.124879 
 1.25316 0.0937052 0.124831 
 1.25841 0.0937259 0.124755 
 1.26365 0.0937452 0.124677 
 1.26889 0.0937655 0.12462 
 1.27411 0.0937844 0.124574 
 1.27933 0.0938045 0.124529 
 1.28453 0.0938235 0.124476 
 1.28973 0.0938429 0.124414 
 1.29492 0.0938618 0.124366 
 1.3001 0.0938805 0.124328 
 1.30527 0.0938993 0.124263 
 1.31044 0.0939169 0.124214 
 1.3156 0.0939357 0.124174 
 1.32076 0.093953 0.124121 
 1.3259 0.0939712 0.124079 
 1.33104 0.0939884 0.124041 
 1.33618 0.0940064 0.123994 
 1.34131 0.0940235 0.123958 
 1.34643 0.0940409 0.123913 
 1.35155 0.0940579 0.123878 
 1.35667 0.0940747 0.123845 
 1.36178 0.0940917 0.123807 
 1.36688 0.0941075 0.123776 
 1.37199 0.0941242 0.123734 
 1.37708 0.0941397 0.12369 
 1.38217 0.0941559 0.123643 
 1.38726 0.0941713 0.123597 
 1.39235 0.0941875 0.123554 
 1.39743 0.0942029 0.123513 
 1.40251 0.0942187 0.123473 
 1.40758 0.094234 0.123431 
 1.41265 0.0942495 0.12339 
 1.41772 0.0942648 0.123345 
 1.42278 0.0942795 0.123305 
 1.42784 0.094295 0.123255 
 1.4329 0.0943094 0.123222 
 1.43796 0.0943246 0.123164 
 1.44301 0.0943387 0.123129 
 1.44806 0.0943537 0.123085 
 1.45311 0.0943677 0.123041 
 1.45815 0.0943822 0.123002 
 