0 0
1 0.284091
2 0.286539
3 0.288187
4 0.289836
5 0.291486
6 0.293137
7 0.294788
8 0.296444
9 0.298102
10 0.299763
11 0.301414
12 0.30307
13 0.304727
14 0.306388
15 0.308054
16 0.30972
17 0.311386
18 0.313054
19 0.31472
20 0.31639
21 0.31803
22 0.319674
23 0.321295
24 0.32292
25 0.324547
26 0.326174
27 0.327804
28 0.329436
29 0.331073
30 0.332683
31 0.334299
32 0.335916
33 0.337536
34 0.339158
35 0.340782
36 0.342409
37 0.344043
38 0.345677
39 0.347307
40 0.348942
41 0.350578
42 0.352205
43 0.353833
44 0.355456
45 0.357085
46 0.358711
47 0.36034
48 0.361955
49 0.363574
50 0.365194
51 0.366818
52 0.368445
53 0.370071
54 0.371701
55 0.373313
56 0.374927
57 0.376495
58 0.37807
59 0.379649
60 0.381231
61 0.382819
62 0.384408
63 0.386008
64 0.387611
65 0.389216
66 0.390811
67 0.392407
68 0.394003
69 0.395607
70 0.397203
71 0.398805
72 0.400409
73 0.402017
74 0.403626
75 0.405217
76 0.406813
77 0.408409
78 0.410007
79 0.411552
80 0.413105
81 0.414664
82 0.416227
83 0.417794
84 0.419364
85 0.420937
86 0.422512
87 0.424094
88 0.425609
89 0.427131
90 0.428661
91 0.430203
92 0.431751
93 0.433303
94 0.434858
95 0.436419
96 0.437985
97 0.439556
98 0.441135
99 0.442675
100 0.444223
101 0.44571
102 0.447209
103 0.448712
104 0.450224
105 0.451746
106 0.453269
107 0.454799
108 0.456335
109 0.457873
110 0.459421
111 0.460974
112 0.462533
113 0.464063
114 0.465598
115 0.467138
116 0.468687
117 0.470207
118 0.471732
119 0.473265
120 0.47481
121 0.476361
122 0.477913
123 0.479468
124 0.48103
125 0.482598
126 0.484172
127 0.485752
128 0.487332
129 0.488869
130 0.490412
131 0.491961
132 0.493517
133 0.495083
134 0.496652
135 0.498221
136 0.499793
137 0.501376
138 0.502962
139 0.504451
140 0.505949
141 0.507458
142 0.508978
143 0.510511
144 0.51205
145 0.513595
146 0.515148
147 0.516634
148 0.51813
149 0.519636
150 0.521152
151 0.522678
152 0.524211
153 0.52553
154 0.526863
155 0.528224
156 0.529607
157 0.531014
158 0.532442
159 0.533887
160 0.535347
161 0.536816
162 0.538303
163 0.539801
164 0.541311
165 0.542831
166 0.544351
167 0.545884
168 0.547424
169 0.548969
170 0.550521
171 0.552083
172 0.553647
173 0.55522
174 0.556737
175 0.558259
176 0.559791
177 0.561329
178 0.562879
179 0.564435
180 0.565929
181 0.567431
182 0.568945
183 0.570466
184 0.571996
185 0.573532
186 0.57508
187 0.576631
188 0.57819
189 0.57975
190 0.58131
191 0.582838
192 0.584378
193 0.585923
194 0.587475
195 0.588952
196 0.590442
197 0.591936
198 0.593442
199 0.594957
200 0.596486
201 0.59802
202 0.599559
203 0.601107
204 0.602658
205 0.604211
206 0.605773
207 0.607339
208 0.608906
209 0.610467
210 0.61199
211 0.613524
212 0.615043
213 0.616568
214 0.618099
215 0.619641
216 0.621153
217 0.622674
218 0.624204
219 0.625739
220 0.62728
221 0.628832
222 0.630392
223 0.631961
224 0.633535
225 0.63511
226 0.636686
227 0.638264
228 0.639847
229 0.641438
230 0.643032
231 0.644517
232 0.646014
233 0.647521
234 0.649041
235 0.65057
236 0.652074
237 0.653586
238 0.655111
239 0.656637
240 0.65814
241 0.659651
242 0.66117
243 0.662695
244 0.664225
245 0.66577
246 0.667323
247 0.668861
248 0.670183
249 0.671535
250 0.672915
251 0.674316
252 0.675736
253 0.677175
254 0.678625
255 0.680094
256 0.681576
257 0.683075
258 0.684576
259 0.686085
260 0.687608
261 0.689145
262 0.690694
263 0.692248
264 0.693808
265 0.695373
266 0.696939
267 0.698466
268 0.700004
269 0.701549
270 0.703103
271 0.704601
272 0.706111
273 0.707629
274 0.709154
275 0.710685
276 0.712218
277 0.713758
278 0.715305
279 0.716862
280 0.718421
281 0.719982
282 0.721547
283 0.723121
284 0.724698
285 0.726279
286 0.727861
287 0.729444
288 0.731029
289 0.732614
290 0.734203
291 0.735732
292 0.737101
293 0.738491
294 0.739908
295 0.741341
296 0.742789
297 0.744253
298 0.745731
299 0.747216
300 0.748713
301 0.750222
302 0.751741
303 0.753266
304 0.7548
305 0.756338
306 0.757882
307 0.759434
308 0.760965
309 0.762501
310 0.764048
311 0.765604
312 0.767166
313 0.768737
314 0.770265
315 0.771798
316 0.773341
317 0.774889
318 0.776381
319 0.777886
320 0.779393
321 0.780906
322 0.782428
323 0.783962
324 0.785504
325 0.787052
326 0.788562
327 0.790075
328 0.791602
329 0.793134
330 0.794673
331 0.796219
332 0.797773
333 0.799304
334 0.800846
335 0.802395
336 0.803946
337 0.805501
338 0.807063
339 0.808626
340 0.810193
341 0.811767
342 0.813295
343 0.814828
344 0.816369
345 0.817914
346 0.819461
347 0.821019
348 0.822558
349 0.824107
350 0.825662
351 0.827225
352 0.828789
353 0.830354
354 0.83192
355 0.833449
356 0.834724
357 0.836032
358 0.837372
359 0.838737
360 0.840128
361 0.84154
362 0.842971
363 0.844417
364 0.845879
365 0.847215
366 0.848576
367 0.849963
368 0.851371
369 0.852805
370 0.854256
371 0.855721
372 0.857203
373 0.858694
374 0.860193
375 0.861705
376 0.863227
377 0.86476
378 0.8663
379 0.867844
380 0.869331
381 0.870829
382 0.872338
383 0.873861
384 0.875388
385 0.87692
386 0.878464
387 0.879962
388 0.881312
389 0.88269
390 0.884089
391 0.885508
392 0.886943
393 0.888394
394 0.889862
395 0.891338
396 0.892825
397 0.894326
398 0.89584
399 0.897356
400 0.898886
401 0.900421
402 0.901967
403 0.903456
404 0.904953
405 0.90646
406 0.907977
407 0.909507
408 0.911044
409 0.912585
410 0.914138
411 0.91562
412 0.917104
413 0.9186
414 0.920105
415 0.921622
416 0.923151
417 0.92469
418 0.926034
419 0.927408
420 0.9288
421 0.930208
422 0.931639
423 0.933085
424 0.934544
425 0.936017
426 0.937509
427 0.939001
428 0.940502
429 0.942015
430 0.943538
431 0.945074
432 0.946616
433 0.948162
434 0.949712
435 0.951265
436 0.952822
437 0.954385
438 0.955926
439 0.957473
440 0.959025
441 0.960585
442 0.962149
443 0.963716
444 0.965286
445 0.966864
446 0.968446
447 0.970008
448 0.971573
449 0.973144
450 0.974721
451 0.976301
452 0.977885
453 0.979389
454 0.980724
455 0.982089
456 0.983478
457 0.984898
458 0.986333
459 0.987791
460 0.989265
461 0.990741
462 0.99223
463 0.993728
464 0.995243
465 0.996769
466 0.998308
467 0.999853
468 1.0014
469 1.00295
470 1.0045
471 1.00606
472 1.00762
473 1.00892
474 1.01025
475 1.0116
476 1.01299
477 1.01439
478 1.01582
479 1.01726
480 1.01872
481 1.02019
482 1.02167
483 1.02317
484 1.02469
485 1.0262
486 1.02773
487 1.02926
488 1.03081
489 1.03236
490 1.03391
491 1.03547
492 1.03704
493 1.03858
494 1.04013
495 1.04169
496 1.04326
497 1.04482
498 1.04639
499 1.04796
500 1.04954
501 1.05112
502 1.05244
503 1.05378
504 1.05515
505 1.05654
506 1.05795
507 1.05938
508 1.06082
509 1.06228
510 1.06376
511 1.06525
512 1.06676
513 1.06828
514 1.0698
515 1.07133
516 1.07286
517 1.0744
518 1.07594
519 1.07749
520 1.07905
521 1.0806
522 1.08211
523 1.08363
524 1.08517
525 1.0867
526 1.08824
527 1.08979
528 1.09134
529 1.0929
530 1.09447
531 1.09605
532 1.09754
533 1.09904
534 1.10055
535 1.10208
536 1.10361
537 1.10516
538 1.10671
539 1.10823
540 1.10976
541 1.11129
542 1.11282
543 1.11434
544 1.11587
545 1.11741
546 1.11896
547 1.12044
548 1.12193
549 1.12343
550 1.12494
551 1.12647
552 1.128
553 1.12952
554 1.13106
555 1.1326
556 1.13415
557 1.13571
558 1.13727
559 1.13883
560 1.1404
561 1.14198
562 1.14356
563 1.14511
564 1.14666
565 1.14822
566 1.14977
567 1.15134
568 1.15263
569 1.15395
570 1.15531
571 1.15669
572 1.15809
573 1.15951
574 1.16095
575 1.1624
576 1.16388
577 1.16537
578 1.16687
579 1.16838
580 1.16991
581 1.1714
582 1.17291
583 1.17442
584 1.17595
585 1.17748
586 1.179
587 1.18053
588 1.18206
589 1.18361
590 1.18516
591 1.18671
592 1.18827
593 1.18978
594 1.1913
595 1.19283
596 1.19437
597 1.19591
598 1.19746
599 1.19902
600 1.20057
601 1.20213
602 1.2037
603 1.20526
604 1.20683
605 1.20841
606 1.20999
607 1.21158
608 1.21316
609 1.21473
610 1.21632
611 1.21788
612 1.21944
613 1.22101
614 1.22257
615 1.22414
616 1.22571
617 1.22728
618 1.22886
619 1.23044
620 1.23202
621 1.2336
622 1.23512
623 1.23666
624 1.23819
625 1.23973
626 1.24129
627 1.24285
628 1.24442
629 1.24596
630 1.2475
631 1.24905
632 1.25061
633 1.25217
634 1.25374
635 1.25531
636 1.25689
637 1.25841
638 1.25995
639 1.26149
640 1.26303
641 1.26457
642 1.26612
643 1.26768
644 1.26924
645 1.2708
646 1.27236
647 1.27394
648 1.27552
649 1.2771
650 1.27869
651 1.28028
652 1.28176
653 1.28325
654 1.28476
655 1.28627
656 1.2878
657 1.28934
658 1.29083
659 1.29234
660 1.29385
661 1.29537
662 1.29691
663 1.29845
664 1.29999
665 1.30151
666 1.30303
667 1.30456
668 1.30604
669 1.30753
670 1.30903
671 1.31054
672 1.31205
673 1.31358
674 1.31511
675 1.31665
676 1.3182
677 1.31973
678 1.32126
679 1.3228
680 1.32435
681 1.32591
682 1.32747
683 1.32903
684 1.3306
685 1.33217
686 1.3337
687 1.33524
688 1.33678
689 1.33832
690 1.33987
691 1.34143
692 1.34299
693 1.34456
694 1.34609
695 1.34763
696 1.34918
697 1.35073
698 1.35229
699 1.35385
700 1.35542
701 1.35692
702 1.35845
703 1.35997
704 1.36151
705 1.36306
706 1.3646
707 1.36616
708 1.36772
709 1.36928
710 1.37084
711 1.37241
712 1.37398
713 1.37555
714 1.37713
715 1.37871
716 1.3802
717 1.3817
718 1.38322
719 1.38474
720 1.38628
721 1.38782
722 1.38937
723 1.39089
724 1.39241
725 1.39395
726 1.39549
727 1.39701
728 1.39854
729 1.40007
730 1.40161
731 1.40313
732 1.40466
733 1.40601
734 1.40739
735 1.4088
736 1.41023
737 1.41167
738 1.41313
739 1.4146
740 1.41609
741 1.41758
742 1.41909
743 1.42061
744 1.42213
745 1.42366
746 1.4252
747 1.42675
748 1.4283
749 1.42986
750 1.43143
751 1.433
752 1.43458
753 1.43606
754 1.43756
755 1.43906
756 1.44058
757 1.44211
758 1.44364
759 1.44518
760 1.4467
761 1.44822
762 1.44975
763 1.45122
764 1.45271
765 1.4542
766 1.45571
767 1.45723
768 1.45876
769 1.4603
770 1.46185
771 1.4634
772 1.46492
773 1.46644
774 1.46797
775 1.46951
776 1.471
777 1.47249
778 1.47399
779 1.4755
780 1.47703
781 1.47856
782 1.4801
783 1.48165
784 1.48321
785 1.48473
786 1.48625
787 1.48779
788 1.48933
789 1.49087
790 1.49242
791 1.49395
792 1.49549
793 1.49704
794 1.49858
795 1.50012
796 1.50167
797 1.50321
798 1.50473
799 1.50626
800 1.50779
801 1.50934
802 1.51089
803 1.51222
804 1.51358
805 1.51496
806 1.51637
807 1.5178
808 1.51924
809 1.52069
810 1.52216
811 1.52365
812 1.52515
813 1.52666
814 1.52819
815 1.52972
816 1.53126
817 1.53253
818 1.53383
819 1.53516
820 1.53652
821 1.53791
822 1.53931
823 1.54074
824 1.54218
825 1.54364
826 1.54511
827 1.5466
828 1.5481
829 1.54961
830 1.55113
831 1.55265
832 1.55418
833 1.55571
834 1.55725
835 1.5588
836 1.56034
837 1.56189
838 1.56342
839 1.56495
840 1.56649
841 1.56804
842 1.56937
843 1.57072
844 1.57209
845 1.57348
846 1.57489
847 1.57632
848 1.57777
849 1.57924
850 1.58072
851 1.58221
852 1.58371
853 1.58523
854 1.58676
855 1.58829
856 1.58984
857 1.59139
858 1.59295
859 1.5945
860 1.59607
861 1.59764
862 1.59921
863 1.60079
864 1.60236
865 1.6037
866 1.60505
867 1.60644
868 1.60784
869 1.60926
870 1.6107
871 1.61215
872 1.61362
873 1.6151
874 1.61659
875 1.6181
876 1.61963
877 1.62116
878 1.62269
879 1.62424
880 1.62579
881 1.62709
882 1.62843
883 1.6298
884 1.63119
885 1.6326
886 1.63402
887 1.63546
888 1.63691
889 1.63839
890 1.63988
891 1.64139
892 1.64291
893 1.64443
894 1.64596
895 1.6475
896 1.64904
897 1.65058
898 1.65212
899 1.65367
900 1.65523
901 1.65674
902 1.65825
903 1.65977
904 1.6613
905 1.66283
906 1.6641
907 1.66539
908 1.66672
909 1.66808
910 1.66945
911 1.67085
912 1.67226
913 1.6737
914 1.67516
915 1.67664
916 1.67813
917 1.67962
918 1.68112
919 1.68262
920 1.68413
921 1.68566
922 1.68719
923 1.68873
924 1.69027
925 1.69182
926 1.69337
927 1.69485
928 1.69635
929 1.69786
930 1.69938
931 1.7009
932 1.70244
933 1.70398
934 1.70554
935 1.7071
936 1.70866
937 1.71023
938 1.71179
939 1.71336
940 1.71493
941 1.71652
942 1.71803
943 1.71956
944 1.72109
945 1.72263
946 1.72417
947 1.72543
948 1.72673
949 1.72806
950 1.72941
951 1.73079
952 1.73219
953 1.73361
954 1.73505
955 1.7365
956 1.73796
957 1.73944
958 1.74093
959 1.74242
960 1.74391
961 1.74542
962 1.74693
963 1.74845
964 1.74999
965 1.75153
966 1.75307
967 1.75462
968 1.75618
969 1.75774
970 1.7593
971 1.76087
972 1.76239
973 1.76393
974 1.76547
975 1.76702
976 1.76858
977 1.77009
978 1.7716
979 1.77312
980 1.77465
981 1.77619
982 1.77773
983 1.77928
984 1.78079
985 1.7823
986 1.78382
987 1.78535
988 1.78688
989 1.78842
990 1.78996
991 1.79151
992 1.79306
993 1.79461
994 1.79617
995 1.79773
996 1.79899
997 1.80027
998 1.80158
999 1.80292
1000 1.80429
1001 1.80568
1002 1.80709
1003 1.80852
1004 1.80997
1005 1.81144
1006 1.81292
1007 1.81441
1008 1.81592
1009 1.81744
1010 1.81896
1011 1.82049
1012 1.82203
1013 1.82359
1014 1.82515
dump~: Too many open files
