-0.5 0
-0.49 -0.0323853
-0.48 -0.0619995
-0.47 -0.0902487
-0.46 -0.117718
-0.45 -0.144564
-0.44 -0.171577
-0.43 -0.198739
-0.42 -0.226306
-0.41 -0.253709
-0.4 -0.280853
-0.39 -0.306387
-0.38 -0.330614
-0.37 -0.352264
-0.36 -0.370267
-0.35 -0.385893
-0.34 -0.396394
-0.33 -0.403108
-0.32 -0.407044
-0.31 -0.405221
-0.3 -0.401103
-0.29 -0.394384
-0.28 -0.384493
-0.27 -0.373567
-0.26 -0.361292
-0.25 -0.348375
-0.24 -0.335288
-0.23 -0.32224
-0.22 -0.309545
-0.21 -0.2971
-0.2 -0.28529
-0.19 -0.273824
-0.18 -0.262661
-0.17 -0.25197
-0.16 -0.241418
-0.15 -0.231045
-0.14 -0.220791
-0.13 -0.210566
-0.12 -0.200359
-0.11 -0.190117
-0.1 -0.179849
-0.09 -0.169509
-0.08 -0.159112
-0.07 -0.148673
-0.06 -0.13814
-0.05 -0.127564
-0.04 -0.116941
-0.03 -0.106241
-0.02 -0.0955072
-0.01 -0.0847214
3.08781e-16 -0.073876
0.01 -0.062997
0.02 -0.0520579
0.03 -0.0410666
0.04 -0.03004
0.05 -0.0189372
0.06 -0.0077872
0.07 0.00340458
0.08 0.014692
0.09 0.0260268
0.1 0.0374265
0.11 0.0489262
0.12 0.0604813
0.13 0.0721302
0.14 0.0838837
0.15 0.0957035
0.16 0.107661
0.17 0.119729
0.18 0.131879
0.19 0.144233
0.2 0.156699
0.21 0.169293
0.22 0.18213
0.23 0.195094
0.24 0.208249
0.25 0.221643
0.26 0.235168
0.27 0.248922
0.28 0.262838
0.29 0.276854
0.3 0.291006
0.31 0.305153
0.32 0.319296
0.33 0.333208
0.34 0.346894
0.35 0.36026
0.36 0.372874
0.37 0.384998
0.38 0.396225
0.39 0.406421
0.4 0.416062
0.41 0.424896
0.42 0.434613
0.43 0.445198
0.44 0.463954
0.45 0.493362
0.46 0.534839
0.47 0.614815
0.48 0.716512
0.49 0.852076
