-0.5 0
-0.49 0.0788727
-0.48 0.142004
-0.47 0.193109
-0.46 0.236615
-0.45 0.267558
-0.44 0.293884
-0.43 0.316136
-0.42 0.33347
-0.41 0.349233
-0.4 0.362931
-0.39 0.373925
-0.38 0.383449
-0.37 0.390495
-0.36 0.394885
-0.35 0.397654
-0.34 0.397278
-0.33 0.394824
-0.32 0.390854
-0.31 0.383937
-0.3 0.37588
-0.29 0.366531
-0.28 0.355585
-0.27 0.34409
-0.26 0.33186
-0.25 0.319184
-0.24 0.306346
-0.23 0.293382
-0.22 0.280485
-0.21 0.267645
-0.2 0.255022
-0.19 0.242547
-0.18 0.230201
-0.17 0.218103
-0.16 0.206095
-0.15 0.194206
-0.14 0.182437
-0.13 0.170714
-0.12 0.159054
-0.11 0.147428
-0.1 0.135818
-0.09 0.124224
-0.08 0.112631
-0.07 0.10104
-0.06 0.0894439
-0.05 0.0778434
-0.04 0.0662381
-0.03 0.0546235
-0.02 0.043004
-0.01 0.031377
3.08781e-16 0.0197397
0.01 0.00809605
0.02 -0.00355977
0.03 -0.015227
0.04 -0.0269025
0.05 -0.0385996
0.06 -0.0503127
0.07 -0.0620399
0.08 -0.0738023
0.09 -0.085583
0.1 -0.0973886
0.11 -0.109233
0.12 -0.121099
0.13 -0.132998
0.14 -0.144929
0.15 -0.156877
0.16 -0.168852
0.17 -0.180836
0.18 -0.192825
0.19 -0.2048
0.2 -0.216751
0.21 -0.228677
0.22 -0.240532
0.23 -0.252352
0.24 -0.26412
0.25 -0.275878
0.26 -0.287675
0.27 -0.299624
0.28 -0.311986
0.29 -0.324693
0.3 -0.338651
0.31 -0.353905
0.32 -0.370303
0.33 -0.390111
0.34 -0.411596
0.35 -0.435373
0.36 -0.46099
0.37 -0.486177
0.38 -0.509395
0.39 -0.524754
0.4 -0.533871
0.41 -0.525887
0.42 -0.502024
0.43 -0.466478
0.44 -0.405531
0.45 -0.336722
0.46 -0.259005
0.47 -0.180603
0.48 -0.10728
0.49 -0.0437887
