0 0
1 0.284091
2 0.286539
3 0.288187
4 0.289836
5 0.291486
6 0.293137
7 0.294788
8 0.296444
9 0.298102
10 0.299763
11 0.301414
12 0.30307
13 0.304727
14 0.306388
15 0.308054
16 0.30972
17 0.311386
18 0.313054
19 0.31472
20 0.31639
21 0.31803
22 0.319674
23 0.321295
24 0.32292
25 0.324547
26 0.326174
27 0.327804
28 0.329435
29 0.331073
30 0.332683
31 0.334299
32 0.335916
33 0.337536
34 0.339158
35 0.340781
36 0.342409
37 0.344042
38 0.345677
39 0.347307
40 0.348941
41 0.350578
42 0.352205
43 0.353833
44 0.355456
45 0.357085
46 0.358711
47 0.360339
48 0.361954
49 0.363573
50 0.365194
51 0.366818
52 0.368444
53 0.370071
54 0.3717
55 0.373313
56 0.374926
57 0.376494
58 0.378069
59 0.379648
60 0.381231
61 0.382818
62 0.384407
63 0.386007
64 0.38761
65 0.389216
66 0.39081
67 0.392406
68 0.394002
69 0.395606
70 0.39721
71 0.398819
72 0.400428
73 0.402038
74 0.403648
75 0.405249
76 0.406856
77 0.408451
78 0.410047
79 0.411648
80 0.413255
81 0.414858
82 0.416378
83 0.417905
84 0.41944
85 0.420985
86 0.422539
87 0.424099
88 0.425669
89 0.427241
90 0.428823
91 0.430409
92 0.431918
93 0.433436
94 0.434961
95 0.436498
96 0.438021
97 0.439554
98 0.441093
99 0.442642
100 0.4442
101 0.445764
102 0.447332
103 0.448902
104 0.450472
105 0.452045
106 0.453623
107 0.455202
108 0.456775
109 0.458349
110 0.459934
111 0.461523
112 0.46312
113 0.464714
114 0.466293
115 0.46787
116 0.469408
117 0.470956
118 0.472509
119 0.474069
120 0.475581
121 0.477102
122 0.478637
123 0.480179
124 0.481723
125 0.483272
126 0.48483
127 0.486392
128 0.487956
129 0.489311
130 0.490688
131 0.49209
132 0.493507
133 0.494943
134 0.496397
135 0.497865
136 0.499349
137 0.500845
138 0.502348
139 0.503861
140 0.505381
141 0.506912
142 0.508453
143 0.509968
144 0.511489
145 0.513018
146 0.514552
147 0.516092
148 0.517637
149 0.518908
150 0.520214
151 0.521546
152 0.522912
153 0.524305
154 0.525718
155 0.527147
156 0.528592
157 0.530056
158 0.531532
159 0.533011
160 0.534502
161 0.535995
162 0.537499
163 0.539015
164 0.540544
165 0.542085
166 0.543631
167 0.545187
168 0.546745
169 0.548304
170 0.549873
171 0.551448
172 0.552911
173 0.554386
174 0.555873
175 0.557371
176 0.558874
177 0.560384
178 0.561907
179 0.563437
180 0.564972
181 0.566515
182 0.568068
183 0.569551
184 0.571045
185 0.572546
186 0.574063
187 0.575588
188 0.577125
189 0.578673
190 0.580224
191 0.581781
192 0.583342
193 0.584909
194 0.586482
195 0.587984
196 0.589493
197 0.591009
198 0.592537
199 0.594069
200 0.595607
201 0.597154
202 0.59869
203 0.60023
204 0.601776
205 0.603331
206 0.604887
207 0.606447
208 0.608018
209 0.609592
210 0.611163
211 0.612736
212 0.61422
213 0.615718
214 0.617225
215 0.618744
216 0.620272
217 0.621808
218 0.623301
219 0.624805
220 0.62631
221 0.627825
222 0.629351
223 0.630885
224 0.632423
225 0.633972
226 0.635487
227 0.637006
228 0.638505
229 0.640016
230 0.641535
231 0.643062
232 0.6446
233 0.646146
234 0.647475
235 0.648837
236 0.65022
237 0.651616
238 0.653034
239 0.654465
240 0.655908
241 0.657366
242 0.658837
243 0.660323
244 0.66182
245 0.663324
246 0.664843
247 0.666369
248 0.6679
249 0.669441
250 0.670987
251 0.672541
252 0.674073
253 0.675616
254 0.677163
255 0.678712
256 0.680266
257 0.681825
258 0.683387
259 0.684952
260 0.686521
261 0.688091
262 0.689661
263 0.69124
264 0.692818
265 0.694331
266 0.695856
267 0.697391
268 0.69893
269 0.700472
270 0.702021
271 0.703358
272 0.70472
273 0.706107
274 0.707511
275 0.708938
276 0.710381
277 0.711839
278 0.713308
279 0.714791
280 0.716285
281 0.717793
282 0.719314
283 0.720841
284 0.722376
285 0.723915
286 0.72546
287 0.727015
288 0.728571
289 0.730129
290 0.731689
291 0.733259
292 0.734832
293 0.736407
294 0.737985
295 0.739564
296 0.741049
297 0.742548
298 0.744055
299 0.745574
300 0.747106
301 0.748612
302 0.750121
303 0.751641
304 0.753169
305 0.754704
306 0.756245
307 0.757759
308 0.759285
309 0.760821
310 0.762367
311 0.763924
312 0.765484
313 0.767019
314 0.768559
315 0.770106
316 0.771655
317 0.773207
318 0.774763
319 0.776326
320 0.777893
321 0.779461
322 0.781031
323 0.782605
324 0.784183
325 0.7855
326 0.786849
327 0.788219
328 0.789612
329 0.791024
330 0.79246
331 0.793913
332 0.795378
333 0.796855
334 0.798347
335 0.799847
336 0.801356
337 0.802878
338 0.804406
339 0.805913
340 0.80743
341 0.808956
342 0.810494
343 0.812046
344 0.813601
345 0.815158
346 0.816717
347 0.818281
348 0.819851
349 0.821371
350 0.822894
351 0.824429
352 0.825969
353 0.827515
354 0.829073
355 0.830632
356 0.832169
357 0.833506
358 0.834869
359 0.836258
360 0.837664
361 0.839088
362 0.840529
363 0.841984
364 0.843457
365 0.844945
366 0.846442
367 0.847951
368 0.84947
369 0.851
370 0.852537
371 0.854084
372 0.855576
373 0.857077
374 0.858592
375 0.860101
376 0.861621
377 0.86315
378 0.86468
379 0.866214
380 0.867757
381 0.869303
382 0.870843
383 0.872387
384 0.873938
385 0.87544
386 0.87695
387 0.878468
388 0.879999
389 0.881521
390 0.883048
391 0.884563
392 0.886083
393 0.887612
394 0.88915
395 0.890692
396 0.892238
397 0.893789
398 0.895343
399 0.896904
400 0.898168
401 0.899468
402 0.900795
403 0.902149
404 0.903534
405 0.904938
406 0.90636
407 0.907803
408 0.909267
409 0.910743
410 0.91223
411 0.91373
412 0.915238
413 0.916755
414 0.918284
415 0.91982
416 0.92136
417 0.922905
418 0.924461
419 0.926022
420 0.927585
421 0.929156
422 0.930727
423 0.932302
424 0.933778
425 0.935267
426 0.936761
427 0.938263
428 0.939774
429 0.941293
430 0.942822
431 0.944357
432 0.945903
433 0.947458
434 0.948943
435 0.950437
436 0.95194
437 0.953457
438 0.954985
439 0.956522
440 0.958064
441 0.959609
442 0.961163
443 0.962723
444 0.964288
445 0.965856
446 0.967429
447 0.968992
448 0.970286
449 0.971609
450 0.972958
451 0.974333
452 0.975731
453 0.977148
454 0.97859
455 0.980049
456 0.98152
457 0.983002
458 0.984495
459 0.986003
460 0.987514
461 0.989018
462 0.990533
463 0.992056
464 0.993589
465 0.995133
466 0.99668
467 0.998231
468 0.999787
469 1.00135
470 1.00292
471 1.00449
472 1.00575
473 1.00703
474 1.00835
475 1.0097
476 1.01107
477 1.01247
478 1.01388
479 1.01531
480 1.01676
481 1.01823
482 1.01971
483 1.0212
484 1.0227
485 1.0242
486 1.02571
487 1.02723
488 1.02876
489 1.0303
490 1.03185
491 1.0334
492 1.03496
493 1.03652
494 1.03809
495 1.03966
496 1.04114
497 1.04264
498 1.04415
499 1.04566
500 1.04718
501 1.04871
502 1.05025
503 1.05179
504 1.05331
505 1.05484
506 1.05638
507 1.05792
508 1.05947
509 1.06102
510 1.06251
511 1.064
512 1.06551
513 1.06703
514 1.06855
515 1.07009
516 1.07163
517 1.07318
518 1.07473
519 1.07625
520 1.07777
521 1.0793
522 1.08084
523 1.08238
524 1.08392
525 1.08548
526 1.08703
527 1.08829
528 1.0896
529 1.09093
530 1.09228
531 1.09367
532 1.09507
533 1.09649
534 1.09793
535 1.09939
536 1.10086
537 1.10233
538 1.10383
539 1.10533
540 1.10685
541 1.10837
542 1.1099
543 1.11144
544 1.11298
545 1.11452
546 1.11607
547 1.11762
548 1.11919
549 1.12069
550 1.1222
551 1.12372
552 1.12525
553 1.12679
554 1.12832
555 1.12986
556 1.13141
557 1.13296
558 1.13452
559 1.13608
560 1.13765
561 1.13922
562 1.1408
563 1.14238
564 1.14396
565 1.14555
566 1.14714
567 1.14873
568 1.15033
569 1.15181
570 1.1533
571 1.15479
572 1.15629
573 1.1578
574 1.15933
575 1.16087
576 1.16239
577 1.16391
578 1.16544
579 1.16698
580 1.16853
581 1.17008
582 1.17163
583 1.17319
584 1.17475
585 1.17627
586 1.17781
587 1.17935
588 1.1809
589 1.18244
590 1.18399
591 1.18555
592 1.18705
593 1.18857
594 1.19008
595 1.19159
596 1.19311
597 1.19465
598 1.19618
599 1.19773
600 1.19928
601 1.20083
602 1.20239
603 1.20395
604 1.20552
605 1.20709
606 1.20865
607 1.21022
608 1.2118
609 1.21329
610 1.21479
611 1.2163
612 1.21782
613 1.21934
614 1.22088
615 1.22242
616 1.22398
617 1.22554
618 1.2271
619 1.22859
620 1.2299
621 1.23123
622 1.23259
623 1.23397
624 1.23537
625 1.23679
626 1.23823
627 1.23969
628 1.24117
629 1.24266
630 1.24416
631 1.24567
632 1.24718
633 1.24871
634 1.25021
635 1.25173
636 1.25324
637 1.25477
638 1.2563
639 1.25784
640 1.25939
641 1.26094
642 1.26251
643 1.26408
644 1.26565
645 1.26713
646 1.26863
647 1.27013
648 1.27164
649 1.27317
650 1.27471
651 1.27622
652 1.27774
653 1.27926
654 1.28079
655 1.28214
656 1.28352
657 1.28492
658 1.28633
659 1.28777
660 1.28922
661 1.29069
662 1.29216
663 1.29365
664 1.29515
665 1.29665
666 1.29817
667 1.29969
668 1.30122
669 1.30277
670 1.3043
671 1.30583
672 1.30733
673 1.30885
674 1.31037
675 1.3119
676 1.31342
677 1.31495
678 1.31649
679 1.31804
680 1.31953
681 1.32104
682 1.32256
683 1.32408
684 1.32562
685 1.32689
686 1.32821
687 1.32955
688 1.33092
689 1.33231
690 1.33371
691 1.33514
692 1.33659
693 1.33806
694 1.33954
695 1.34103
696 1.34254
697 1.34405
698 1.34557
699 1.3471
700 1.34863
701 1.34997
702 1.35133
703 1.35272
704 1.35412
705 1.35553
706 1.35696
707 1.35841
708 1.35987
709 1.36135
710 1.36285
711 1.36435
712 1.36586
713 1.36737
714 1.36889
715 1.37041
716 1.37194
717 1.37347
718 1.37499
719 1.37652
720 1.37806
721 1.3796
722 1.38115
723 1.3827
724 1.38425
725 1.38581
726 1.38737
727 1.38893
728 1.39046
729 1.39199
730 1.3933
731 1.39464
732 1.39601
733 1.3974
734 1.39881
735 1.40025
736 1.40169
737 1.40316
738 1.40464
739 1.40613
740 1.40763
741 1.40914
742 1.41066
743 1.41218
744 1.41372
745 1.41521
746 1.4167
747 1.41822
748 1.41973
749 1.42125
750 1.42278
751 1.42433
752 1.42587
753 1.42742
754 1.42897
755 1.43052
756 1.43209
757 1.43366
758 1.43518
759 1.43671
760 1.43825
761 1.43979
762 1.44133
763 1.44288
764 1.44444
765 1.44601
766 1.44757
767 1.44906
768 1.45056
769 1.45207
770 1.45359
771 1.45511
772 1.45664
773 1.45819
774 1.45974
775 1.4613
776 1.46286
777 1.46435
778 1.46584
779 1.46735
780 1.46886
781 1.47039
782 1.47193
783 1.47347
784 1.47502
785 1.47657
786 1.47813
787 1.4797
788 1.48127
789 1.48283
790 1.48441
791 1.48599
792 1.48757
793 1.48912
794 1.49068
795 1.49223
796 1.49379
797 1.49536
798 1.49688
799 1.49842
800 1.49996
801 1.50151
802 1.50276
803 1.50406
804 1.50538
805 1.50673
806 1.50811
807 1.5095
808 1.51091
809 1.51235
810 1.51379
811 1.51525
812 1.51672
813 1.51821
814 1.51971
815 1.52122
816 1.52274
817 1.52426
818 1.52579
819 1.52734
820 1.5289
821 1.53046
822 1.53202
823 1.53359
824 1.53507
825 1.53656
826 1.53806
827 1.53957
828 1.54109
829 1.54263
830 1.54417
831 1.54571
832 1.54726
833 1.54882
834 1.55038
835 1.55195
836 1.55352
837 1.5551
838 1.55641
839 1.55775
840 1.55912
841 1.56051
842 1.56192
843 1.56336
844 1.5648
845 1.56627
846 1.56775
847 1.56925
848 1.57075
849 1.57226
850 1.57378
851 1.5753
852 1.5768
853 1.5783
854 1.57981
855 1.58134
856 1.58287
857 1.58442
858 1.58598
859 1.58754
860 1.589
861 1.59047
862 1.59196
863 1.59345
864 1.59495
865 1.59646
866 1.59798
867 1.59951
868 1.60104
869 1.60258
870 1.60412
871 1.60567
872 1.60722
873 1.60876
874 1.6103
875 1.61186
876 1.61342
877 1.61498
878 1.61655
879 1.61813
880 1.61961
881 1.6211
882 1.6226
883 1.62412
884 1.62565
885 1.62718
886 1.62872
887 1.63027
888 1.63183
889 1.63339
890 1.63496
891 1.63653
892 1.6381
893 1.6396
894 1.64112
895 1.64263
896 1.644
897 1.64539
898 1.64679
899 1.64822
900 1.64967
901 1.65113
902 1.6526
903 1.65409
904 1.65559
905 1.6571
906 1.65862
907 1.66015
908 1.66168
909 1.66322
910 1.66476
911 1.66631
912 1.66787
913 1.66941
914 1.67097
915 1.67253
916 1.67409
917 1.67565
918 1.67722
919 1.67879
920 1.68031
921 1.68184
922 1.68337
923 1.68492
924 1.68647
925 1.68803
926 1.68959
927 1.69111
928 1.69265
929 1.69418
930 1.69573
931 1.69727
932 1.69882
933 1.70038
934 1.70194
935 1.70329
936 1.70467
937 1.70607
938 1.70749
939 1.70892
940 1.71038
941 1.71184
942 1.71332
943 1.71481
944 1.7163
945 1.71781
946 1.71932
947 1.72084
948 1.72238
949 1.72392
950 1.72547
951 1.72698
952 1.7285
953 1.73003
954 1.73157
955 1.73311
956 1.73467
957 1.73617
958 1.73768
959 1.7392
960 1.74072
961 1.74226
962 1.7438
963 1.74534
964 1.74686
965 1.7484
966 1.74993
967 1.75148
968 1.75302
969 1.75457
970 1.75613
971 1.75769
972 1.75925
973 1.7605
974 1.7618
975 1.76312
976 1.76448
977 1.76585
978 1.76725
979 1.76867
980 1.77011
981 1.77156
982 1.77303
983 1.77451
984 1.776
985 1.77751
986 1.77902
987 1.78053
988 1.78205
989 1.78359
990 1.78513
991 1.78668
992 1.78823
993 1.78979
994 1.79135
995 1.79291
996 1.79416
997 1.79544
998 1.79675
999 1.7981
1000 1.79946
1001 1.80085
1002 1.80227
1003 1.8037
1004 1.80515
1005 1.8066
1006 1.80807
1007 1.80955
1008 1.81103
1009 1.81253
1010 1.81404
1011 1.81554
1012 1.81705
1013 1.81856
1014 1.82008
dump~: Too many open files
